  2020   1   1  2.71  2.30 -2.50  0.00  0.98  2.00 430.5 10.00  3.00
  2020   1   2  1.09  7.80 -0.20  0.00  0.95  4.00
  2020   1   3  0.65 10.00  1.40  2.90  0.91  5.30
  2020   1   4  1.02  7.80  1.10  0.30  0.93  4.20
  2020   1   5  0.89  7.10  5.70  0.00  0.89  3.30
  2020   1   6  3.52  6.90  2.50  1.00  0.82  4.00
  2020   1   7  1.67  8.40  4.80  0.10  0.89  5.40
  2020   1   8  0.92 12.40  7.40  1.50  0.96  4.10
  2020   1   9  0.62 12.90  9.80  1.60  0.92  6.00
  2020   1  10  1.09 11.10 -0.50  3.50  0.91  3.10
  2020   1  11  2.85  7.10 -0.30  0.00  0.84  5.20
  2020   1  12  0.94  9.10  4.00  2.30  0.87  6.70
  2020   1  13  3.34 10.80  6.40  0.00  0.84  5.50
  2020   1  14   0.7 12.00  9.00  1.20   0.8  9.30
  2020   1  15  2.27 12.70  4.60  1.80  0.77  7.20
  2020   1  16  4.87 11.40  2.00  0.00  0.85  3.80
  2020   1  17  1.19 10.40  1.90  0.00  0.79  5.10
  2020   1  18  2.84  7.00  0.70  1.70  0.87  4.10
  2020   1  19  4.17  7.70 -0.70  0.00  0.88  2.10
  2020   1  20  2.53  5.10 -1.80  0.00  0.98  1.30
  2020   1  21  2.36  0.70 -1.70  0.00  0.99  1.60
  2020   1  22   1.7  4.40 -1.00  0.00  0.99  2.00
  2020   1  23  3.94  6.10  1.90  0.00  0.92  2.10
  2020   1  24   0.9  1.90  0.50  0.00  0.96  2.00
  2020   1  25  0.95  2.20  0.10  0.00  0.96  2.00
  2020   1  26  4.12  9.90  1.40  0.00  0.89  3.50
  2020   1  27   1.8  9.30  7.30  3.00  0.89  5.50
  2020   1  28  2.96  7.70  2.80  4.90  0.84  7.20
  2020   1  29  3.55  7.70  2.60  0.50  0.82  6.30
  2020   1  30  3.62 11.70  5.00  2.10  0.88  6.90
  2020   1  31  2.43 12.50 10.00  0.10  0.84  7.00
  2020   2   1  2.58 12.40  8.30  3.50  0.82  7.10
  2020   2   2  1.22 12.30  6.50  5.30  0.86  5.90
  2020   2   3  2.33 11.40  5.70  4.00  0.82  5.10
  2020   2   4  3.42  7.20  1.50  9.10  0.87  3.80
  2020   2   5  5.31  7.80  2.20  0.00  0.81  1.60
  2020   2   6  4.15  8.30 -1.70  0.00  0.89  2.10
  2020   2   7  7.68  8.20 -1.30  0.00  0.77  3.50
  2020   2   8  2.83 11.60  2.30  0.40  0.83  4.00
  2020   2   9  2.67 12.90  6.60  0.60  0.79  1.50
  2020   2  10  3.89 11.50  5.20  3.40   0.7  0.20
  2020   2  11  3.16  7.10  3.20  3.10  0.64  8.40
  2020   2  12  5.31  7.80  1.20  0.90  0.74  6.10
  2020   2  13  2.89  9.00  2.10  1.80  0.87  4.80
  2020   2  14  3.58  9.00  5.50  0.50  0.81  4.00
  2020   2  15  5.46 13.10  6.80  0.00  0.74  7.50
  2020   2  16   2.5 17.90  8.10  8.80  0.76  1.60
  2020   2  17  6.43 11.00  5.80  1.40  0.75  8.50
  2020   2  18  5.44  9.50  4.60  2.40  0.78  8.20
  2020   2  19  6.93  8.30  2.60  8.60  0.77  5.60
  2020   2  20  3.24 11.00  4.80  4.40  0.81  7.10
  2020   2  21  5.02  8.80  2.00  0.00  0.76  7.40
  2020   2  22  2.25 10.30  6.50  1.40  0.78  9.60
  2020   2  23  1.02 12.50  1.40  8.10  0.85  7.40
  2020   2  24  1.56 11.60  1.50  6.10  0.88  6.30
  2020   2  25  8.57 10.70  1.70  3.20  0.77  6.30
  2020   2  26  5.55  5.60  0.30  1.80   0.9  4.10
  2020   2  27  2.01  3.70  1.10  7.10  0.92  3.60
  2020   2  28  6.04  7.60 -1.20  6.30  0.85  5.50
  2020   2  29  5.79 13.70  4.80  2.40  0.76  7.80
  2020   3   1  7.44  9.80  2.50  0.10  0.73  7.00
  2020   3   2  3.64  8.90  3.70  5.70  0.88  3.70
  2020   3   3  9.74  9.40  0.40  3.40  0.85  4.00
  2020   3   4  9.46 10.90  2.00  0.40  0.83  3.50
  2020   3   5  2.68  7.20  4.50  3.90  0.92  4.60
  2020   3   6  5.45  9.20  4.20  2.90  0.82  3.40
  2020   3   7 10.78 10.80  0.50  0.00  0.74  4.30
  2020   3   8  3.92  9.70  6.90  4.30  0.86  6.40
  2020   3   9  7.68 10.40  5.50  2.50  0.84  5.00
  2020   3  10  2.28 13.20  6.20  2.10  0.91  8.70
  2020   3  11  7.43 14.00  9.20  3.70  0.87  5.60
  2020   3  12 12.16 13.50  5.30  4.60  0.65  8.70
  2020   3  13  9.51 11.20  2.10  0.40  0.79  5.40
  2020   3  14 11.13 11.80 -2.00  0.30  0.78  3.70
  2020   3  15  6.22 12.80  6.90  0.00  0.79  4.40
  2020   3  16 10.58 13.90  2.70  0.00   0.8  1.70
  2020   3  17 15.18 14.20  1.80  0.00   0.7  3.70
  2020   3  18 13.13 16.80  3.30  0.00  0.68  3.80
  2020   3  19 10.89 14.60  5.50  0.00  0.85  2.10
  2020   3  20  3.59  8.50  5.00  1.90  0.81  4.30
  2020   3  21 17.49  9.40  1.10  0.00  0.66  7.30
  2020   3  22 18.19  9.60 -1.20  0.00  0.55  6.60
  2020   3  23 18.24 10.10 -1.20  0.00   0.4  4.80
  2020   3  24 18.23 10.80 -1.80  0.00  0.42  3.80
  2020   3  25 18.73 11.80 -3.60  0.00  0.41  4.70
  2020   3  26 18.11 11.40 -1.50  0.00  0.46  5.60
  2020   3  27 16.84 15.80  1.60  0.00  0.52  4.20
  2020   3  28 17.66 13.80  2.90  0.00  0.59  4.80
  2020   3  29 10.57  7.50 -1.20  0.00  0.56  5.50
  2020   3  30 12.75  9.70 -5.50  0.00  0.72  2.50
  2020   3  31 19.91  9.10 -1.10  0.00  0.63  3.00
  2020   4   1 18.66 10.20 -4.80  0.00  0.65  1.60
  2020   4   2 11.41 10.80 -1.40  0.10   0.7  3.80
  2020   4   3  9.25 12.20 -0.40  0.00   0.7  3.00
  2020   4   4 20.56 14.90 -2.30  0.00  0.55  2.70
  2020   4   5 20.73 20.20  2.00  0.00  0.45  4.50
  2020   4   6 19.92 23.90  8.50  0.00   0.5  4.00
  2020   4   7 20.22 19.60  3.80  0.00  0.67  2.70
  2020   4   8 18.89 25.00  6.80  0.00  0.57  1.80
  2020   4   9  18.5 20.60  8.60  0.00  0.61  2.70
  2020   4  10 21.16 18.90  3.50  0.00  0.58  3.30
  2020   4  11 21.77 21.00  3.00  0.00   0.5  2.20
  2020   4  12  18.0 23.90  3.90  0.10   0.6  2.00
  2020   4  13 18.21 11.60  4.20  0.00  0.56  4.70
  2020   4  14 11.53 10.60  1.10  0.00  0.62  2.00
  2020   4  15 21.83 17.70 -0.80  0.00  0.61  1.40
  2020   4  16 21.19 23.10  3.40  0.00  0.52  1.80
  2020   4  17 21.74 18.20  5.90  0.00  0.59  4.10
  2020   4  18 11.46 16.60  6.10  1.00  0.74  2.50
  2020   4  19 21.03 18.40  6.70  0.00  0.56  4.80
  2020   4  20 24.28 19.10  5.80  0.00  0.39  8.50
  2020   4  21 24.48 19.70  7.30  0.00  0.41  8.30
  2020   4  22 24.67 21.80  7.60  0.00  0.43  6.20
  2020   4  23 24.03 23.40  5.80  0.00  0.47  2.60
  2020   4  24 23.65 19.90  6.60  0.00  0.59  3.10
  2020   4  25 19.13 15.70  5.10  0.00  0.63  2.30
  2020   4  26 24.92 17.90  2.70  0.00  0.67  2.00
  2020   4  27 23.45 22.60  2.80  0.00  0.56  2.20
  2020   4  28  8.25 15.30  7.50  3.90  0.88  2.10
  2020   4  29 10.06 17.40  9.80  0.50  0.77  5.40
  2020   4  30 17.86 16.70  8.10  2.80  0.73  5.80
  2020   5   1 15.57 15.30  7.00  1.10  0.81  5.60
  2020   5   2 14.89 14.50  3.60  6.00  0.79  4.00
  2020   5   3 18.66 17.20  3.50  0.00  0.69  3.10
  2020   5   4  20.0 17.20  6.30  0.10  0.68  3.50
  2020   5   5 27.17 14.90  2.90  0.00  0.58  3.60
  2020   5   6 26.77 18.00  2.40  0.00  0.54  2.30
  2020   5   7 25.04 21.40  2.80  0.00  0.55  1.40
  2020   5   8 23.04 22.70  5.40  0.00  0.51  1.60
  2020   5   9 26.52 25.10  8.10  0.00  0.47  2.50
  2020   5  10 10.95 21.90  7.00  0.50  0.68  3.10
  2020   5  11 22.16 13.50  2.30  0.50  0.52  5.60
  2020   5  12 18.15 14.10 -1.20  0.00  0.62  2.00
  2020   5  13 18.43 14.00  0.80  0.00  0.61  3.10
  2020   5  14 28.35 14.50  1.90  0.00  0.53  3.50
  2020   5  15 21.95 15.40  1.30  0.00  0.61  2.40
  2020   5  16 21.18 17.70  2.60  0.00  0.63  3.00
  2020   5  17 23.06 20.30  2.10  0.00  0.59  2.50
  2020   5  18 26.98 24.10  6.50  0.00  0.54  3.30
  2020   5  19 23.76 24.10  8.00  0.00  0.58  2.60
  2020   5  20 22.91 22.50  9.20  0.00   0.7  2.10
  2020   5  21 27.08 27.80  9.50  0.00  0.59  1.80
  2020   5  22 11.88 27.90 14.20  1.10   0.6  4.30
  2020   5  23 19.82 20.90 10.80  1.70  0.54  5.30
  2020   5  24  8.96 15.00  9.50  2.90  0.85  4.60
  2020   5  25 21.54 21.50  9.20  0.00  0.71  2.70
  2020   5  26 27.74 23.80  6.20  0.00  0.64  1.50
  2020   5  27  25.6 23.20  8.20  0.00  0.65  2.90
  2020   5  28 30.22 21.40  8.20  0.00  0.51  4.10
  2020   5  29 29.78 23.10  6.40  0.00  0.52  3.00
  2020   5  30 27.97 24.80  8.60  0.00  0.45  3.70
  2020   5  31 28.55 22.30 10.50  0.00  0.48  4.60
  2020   6   1 29.18 26.20 10.60  0.00  0.46  3.20
  2020   6   2 26.65 29.20 12.10  0.00  0.46  2.30
  2020   6   3 24.43 24.90 10.60  0.00  0.64  3.00
  2020   6   4   5.9 15.50  7.20  2.70  0.83  2.80
  2020   6   5 12.22 15.20  5.60  2.70  0.83  4.70
  2020   6   6  19.1 18.10  6.10  2.00  0.63  7.10
  2020   6   7 15.05 18.40 10.00  0.60  0.71  4.50
  2020   6   8 17.28 19.50 11.30  0.60  0.75  3.00
  2020   6   9 13.86 18.00  9.40  0.00  0.71  2.90
  2020   6  10 10.43 19.50  9.40  0.00  0.79  2.00
  2020   6  11 13.84 21.40 11.90  0.00  0.74  2.50
  2020   6  12 25.87 27.90 13.50  6.70  0.68  3.80
  2020   6  13 25.29 26.60 15.30  9.00  0.72  2.20
  2020   6  14 11.13 22.20 15.60  0.00  0.77  2.60
  2020   6  15 15.39 24.20 15.50  0.00   0.7  1.70
  2020   6  16 12.99 22.20 13.70  0.70  0.81  1.70
  2020   6  17 22.95 25.00 11.30  0.70  0.81  2.80
  2020   6  18 18.79 23.00 13.60  7.20  0.79  2.70
  2020   6  19 24.09 23.90 11.80  0.00  0.75  3.00
  2020   6  20 27.71 23.10 10.40  0.00  0.71  2.20
  2020   6  21 21.72 26.00 10.10  0.20  0.66  3.70
  2020   6  22 25.06 23.80 11.90  0.00  0.66  2.40
  2020   6  23 29.07 27.60 10.30  0.00  0.58  1.70
  2020   6  24 29.16 30.30 13.90  0.00  0.52  3.50
  2020   6  25 27.04 30.40 14.40  0.00  0.57  3.90
  2020   6  26 27.68 31.30 16.80  5.80   0.6  3.50
  2020   6  27  19.4 27.40 17.10  1.30   0.8  4.00
  2020   6  28 21.44 22.40 12.20  0.00  0.62  5.00
  2020   6  29 17.76 20.40 12.10  0.00  0.56  6.10
  2020   6  30 14.16 21.80 13.60  2.00  0.78  6.70
  2020   7   1 12.75 22.10 13.60  0.10  0.85  4.20
  2020   7   2 17.12 21.70 12.00  0.90  0.79  4.00
  2020   7   3 20.46 22.30 11.90  0.00  0.73  5.50
  2020   7   4   9.3 19.70 14.30  1.60  0.84  7.30
  2020   7   5 13.64 23.30 14.60  0.20  0.74  8.10
  2020   7   6 20.82 18.50  9.10  0.40  0.74  5.00
  2020   7   7 19.77 20.30  7.50  0.10  0.73  2.80
  2020   7   8   7.7 18.00 12.60  3.20  0.92  3.10
  2020   7   9  6.99 20.30 15.80  4.00  0.91  4.40
  2020   7  10 11.63 17.30  8.80  2.70  0.85  3.00
  2020   7  11  20.5 20.00  7.30  1.40   0.8  1.60
  2020   7  12 27.42 21.80  7.60  0.00   0.7  1.80
  2020   7  13 28.69 24.40  8.90  0.00  0.63  1.50
  2020   7  14  8.94 19.20 11.00  1.50  0.83  2.00
  2020   7  15  21.5 21.00 10.70  0.00  0.73  2.30
  2020   7  16  8.01 18.90 13.70  0.80   0.9  2.30
  2020   7  17 11.78 21.50 12.80  0.00  0.84  1.30
  2020   7  18 25.13 26.70 11.70  0.00  0.73  1.50
  2020   7  19  24.8 25.60 12.80  0.00  0.74  2.40
  2020   7  20 25.71 21.80 10.20  0.00  0.65  2.40
  2020   7  21 24.53 22.30  9.30  0.00  0.65  2.00
  2020   7  22 21.43 21.50  6.90  0.00  0.67  1.60
  2020   7  23 24.59 25.90  8.20  0.00  0.62  2.20
  2020   7  24 11.95 23.10 13.70  1.10  0.74  3.20
  2020   7  25  9.71 23.20 15.00  0.80  0.81  3.70
  2020   7  26 20.81 22.90 13.10  1.70  0.76  4.00
  2020   7  27  9.64 25.90 13.00  1.20  0.75  2.50
  2020   7  28 18.36 22.60 11.00  0.00  0.65  4.80
  2020   7  29 20.71 22.10 11.70  0.00  0.65  2.80
  2020   7  30 25.63 27.30  9.40  0.00   0.6  1.80
  2020   7  31 26.53 34.30 13.20  0.00   0.5  3.10
  2020   8   1 19.09 27.10 14.20  4.60  0.73  2.80
  2020   8   2 19.65 23.40 10.00  0.00  0.74  2.60
  2020   8   3 17.38 23.90  8.40  0.00  0.73  1.50
  2020   8   4 24.04 23.00 10.80  0.00  0.62  2.00
  2020   8   5 25.57 29.90 12.20  0.00  0.51  3.00
  2020   8   6 24.41 32.10 13.50  0.00  0.51  1.60
  2020   8   7 24.74 34.50 14.50  0.00  0.51  1.40
  2020   8   8 23.86 36.20 15.30  0.00  0.46  2.10
  2020   8   9 22.89 35.10 20.30  0.00  0.54  2.30
  2020   8  10  21.6 34.20 17.80  0.00  0.57  2.90
  2020   8  11 20.14 35.80 19.30  0.00   0.6  3.00
  2020   8  12 22.58 33.40 20.40  0.00  0.59  2.80
  2020   8  13 16.72 34.50 18.40  0.00  0.72  2.10
  2020   8  14 19.32 29.50 17.80  0.00  0.75  2.60
  2020   8  15 17.04 29.40 16.80  0.00  0.78  1.70
  2020   8  16 14.73 29.80 15.80  6.20  0.78  2.50
  2020   8  17 18.97 27.80 14.80  0.00  0.78  2.30
  2020   8  18 20.68 26.10 14.10  0.00  0.73  3.00
  2020   8  19 19.73 28.90 12.60  0.10  0.65  2.90
  2020   8  20 11.59 29.90 18.90  1.10  0.69  3.60
  2020   8  21 18.08 31.20 16.80  1.70  0.63  4.70
  2020   8  22 15.79 25.70 15.70  2.40  0.68  5.50
  2020   8  23 13.13 21.60 14.20  1.10  0.73  5.50
  2020   8  24 14.03 22.70 10.80  0.20   0.7  4.50
  2020   8  25  6.97 21.20 11.00  0.70  0.79  4.60
  2020   8  26  4.92 19.10 12.30  1.80  0.79  7.80
  2020   8  27 11.12 21.70 11.40  0.20  0.79  2.40
  2020   8  28 10.69 23.00 11.20  7.00  0.78  4.70
  2020   8  29 14.07 21.10 10.00  0.00  0.81  4.10
  2020   8  30  8.88 19.60  9.70  7.60  0.92  3.50
  2020   8  31 11.82 18.80 10.10  0.70  0.77  2.10
  2020   9   1 15.24 19.70  7.20  0.00  0.71  1.80
  2020   9   2 16.94 22.70  8.40  0.00   0.7  1.40
  2020   9   3   6.2 21.00 11.30  3.00  0.82  4.80
  2020   9   4  13.1 22.10 13.00  0.30  0.74  3.40
  2020   9   5  12.4 19.80  9.90  1.60  0.74  3.00
  2020   9   6 14.84 20.50  8.10  0.00  0.73  2.50
  2020   9   7  15.4 21.80  8.00  0.00  0.73  2.70
  2020   9   8  5.25 18.90 11.30  0.00  0.84  3.80
  2020   9   9   5.8 22.90 10.80  0.00  0.85  3.30
  2020   9  10 16.33 20.60  7.80  0.00  0.71  1.40
  2020   9  11 15.25 22.40  5.50  0.00  0.76  1.40
  2020   9  12 13.01 20.80  7.80  0.00  0.79  2.80
  2020   9  13 16.52 24.40 10.30  0.00  0.79  2.20
  2020   9  14 16.62 31.10 10.00  0.00  0.67  1.70
  2020   9  15 15.71 33.50 12.60  0.00   0.6  1.30
  2020   9  16 13.26 26.30 13.60  0.00  0.74  3.20
  2020   9  17  17.0 20.30  8.80  0.00  0.63  4.50
  2020   9  18 16.99 23.20  6.60  0.00  0.57  4.80
  2020   9  19 15.96 25.40  8.20  0.00  0.51  3.90
  2020   9  20 16.65 24.80  7.00  0.00  0.55  2.80
  2020   9  21 15.79 26.60  6.20  0.00  0.63  1.70
  2020   9  22 14.94 24.90  6.70  0.00  0.69  1.00
  2020   9  23   9.6 24.60  9.80  3.10   0.7  4.10
  2020   9  24 13.31 19.30 11.10  1.90  0.69  5.80
  2020   9  25  7.97 14.40  8.50  6.10  0.83  6.40
  2020   9  26  8.26 15.50 10.10  8.60  0.81  3.20
  2020   9  27  5.45 15.40 11.40  2.90  0.87  3.30
  2020   9  28  2.06 12.40 11.50  3.60  0.92  2.80
  2020   9  29  6.46 19.00 11.40  5.10  0.85  2.10
  2020   9  30  8.21 19.60 11.50  0.00  0.87  3.00
  2020  10   1  2.93 15.70  8.50  0.20  0.89  3.40
  2020  10   2  6.13 16.80  5.70  0.20  0.82  4.90
  2020  10   3  2.19 14.90 10.00  5.20  0.91  3.50
  2020  10   4   7.2 14.70 10.50  0.60  0.77  5.80
  2020  10   5  3.95 15.30 10.40  4.00  0.84  5.40
  2020  10   6  7.65 17.80 10.60  2.50  0.83  6.30
  2020  10   7  5.71 15.10  8.80  6.60  0.86  4.80
  2020  10   8  2.89 16.70  9.10  8.70   0.9  6.00
  2020  10   9  6.37 16.60  8.20  0.40  0.85  2.80
  2020  10  10  7.75 13.20  4.90  9.30  0.87  4.60
  2020  10  11  8.71 14.50  4.50  7.00   0.9  2.90
  2020  10  12  7.82 14.10  5.20  0.60  0.87  2.00
  2020  10  13  7.14 12.50  6.30  0.00  0.85  3.00
  2020  10  14  5.83 12.10  5.90  0.00   0.8  3.20
  2020  10  15  4.89 10.90  7.10  0.00  0.78  2.90
  2020  10  16  5.31 11.30  4.80  0.00  0.81  2.00
  2020  10  17   4.8 11.80  4.80  0.00  0.86  0.80
  2020  10  18  4.69 13.00  2.80  0.40  0.91  2.60
  2020  10  19  5.51 13.70  6.10  0.00  0.83  2.30
  2020  10  20  2.05 15.00  7.30  1.40  0.83  3.80
  2020  10  21   3.9 20.40 12.10  6.00  0.78  6.80
  2020  10  22   5.4 18.00  9.40  0.10  0.88  4.00
  2020  10  23  4.91 17.10  7.00  0.00  0.92  2.50
  2020  10  24  3.04 15.90 11.50  0.10  0.85  6.30
  2020  10  25  1.66 15.80  9.50  5.30  0.85  5.30
  2020  10  26  4.75 12.50  8.60  0.00  0.81  4.90
  2020  10  27  3.72 12.00  7.40  1.50  0.82  6.40
  2020  10  28  5.24 14.30  8.70  2.10  0.83  6.40
  2020  10  29  3.44 13.30  6.50  6.00  0.89  5.70
  2020  10  30  1.91 15.90 12.90  0.40  0.89  6.80
  2020  10  31  5.05 16.30  9.80  1.30  0.81  4.50
  2020  11   1  2.98 17.90  9.50  1.80  0.86  6.00
  2020  11   2  2.92 20.00 10.10  6.00   0.8  7.60
  2020  11   3  6.41 12.90  5.50  0.00  0.78  5.50
  2020  11   4  7.53 12.20  0.40  0.00  0.87  2.30
  2020  11   5  7.23 11.80 -0.90  0.00  0.91  1.40
  2020  11   6  6.67 12.00  3.90  0.00  0.83  2.60
  2020  11   7  6.04 14.30  3.20  0.00  0.83  1.90
  2020  11   8  3.12 13.50  2.90  0.30  0.91  1.30
  2020  11   9  4.79 17.50  8.60  0.10  0.92  1.50
  2020  11  10  5.19 17.00  7.20  0.10  0.93  1.30
  2020  11  11  3.13 14.00  9.30  0.00  0.94  2.40
  2020  11  12  3.11 13.30  6.10  2.50  0.86  4.80
  2020  11  13  2.66 13.60  5.30  2.10  0.89  3.60
  2020  11  14  4.63 15.50  9.80  0.70  0.85  3.90
  2020  11  15  2.63 16.40  9.20  6.80  0.75  7.00
  2020  11  16   2.2 12.30  8.20  0.20  0.83  6.40
  2020  11  17  1.87 13.10 10.20  0.20  0.85  6.80
  2020  11  18   5.6 15.50 10.60  0.00  0.72  5.00
  2020  11  19  2.79 14.30  3.70  1.10   0.8  4.50
  2020  11  20  3.87  8.70  1.30  0.00  0.82  3.00
  2020  11  21  2.13 10.20  2.90  0.00   0.8  6.30
  2020  11  22  1.48 10.60  3.60  0.30  0.94  4.20
  2020  11  23  4.87 10.00  1.90  0.00  0.87  2.20
  2020  11  24  4.48 11.60  4.50  0.00  0.87  3.40
  2020  11  25  3.65 10.50  3.20  0.00  0.85  3.00
  2020  11  26  0.84  9.00  5.80  0.20   0.9  1.90
  2020  11  27  2.78  7.30  3.00  0.00  0.91  2.20
  2020  11  28  2.75  5.80  2.10  0.00  0.94  4.20
  2020  11  29  1.45  4.10 -4.80  0.00   0.9  3.00
  2020  11  30   0.8  6.40 -6.10  5.80  0.95  3.90
  2020  12   1  1.79  9.50  5.90  3.20  0.88  3.50
  2020  12   2  0.45  6.10  5.00  0.10  0.95  1.80
  2020  12   3  0.81  6.30  4.50  2.50   0.9  4.90
  2020  12   4  2.56  8.30 -1.50  1.10  0.78  5.10
  2020  12   5  3.38  5.90 -2.60  0.00  0.85  2.30
  2020  12   6  1.41  3.60 -2.10  0.00  0.93  1.80
  2020  12   7  0.94  4.10 -1.60  7.30  0.95  3.50
  2020  12   8   2.6  5.20 -2.20  0.10  0.93  1.60
  2020  12   9  1.35  3.10 -1.20  0.00  0.95  2.70
  2020  12  10  2.63  1.30 -4.00  0.00  0.92  2.30
  2020  12  11  1.22  4.40 -0.50  3.30  0.89  3.90
  2020  12  12  0.83  8.60  4.20  2.00  0.97  2.30
  2020  12  13  2.46  9.20  6.20  0.10  0.86  4.30
  2020  12  14  0.97 11.20  6.80  5.70  0.89  4.50
  2020  12  15  0.77 10.00  4.90  5.90  0.96  2.70
  2020  12  16  2.75  9.20  1.30  0.00  0.93  2.40
  2020  12  17  2.55 10.90  6.10  1.50  0.86  5.10
  2020  12  18  3.75 11.80  5.10  0.00  0.86  4.10
  2020  12  19  2.36 12.30  5.00  0.00  0.85  4.80
  2020  12  20  2.16 10.80  5.60  0.00  0.86  4.30
  2020  12  21  0.72 12.50  5.10  9.40  0.93  5.20
  2020  12  22  1.08 13.60  8.90  9.80  0.94  4.70
  2020  12  23  0.59 12.30  8.30  4.90  0.93  4.10
  2020  12  24  1.12  9.50  3.70  2.80  0.88  3.40
  2020  12  25  3.67  5.90 -1.50  0.00  0.86  2.20
  2020  12  26  1.51  5.10 -0.70  0.40  0.89  6.40
  2020  12  27  0.46  6.70  4.20  3.50  0.85  9.00
  2020  12  28   2.6  5.20  2.00  1.20   0.9  2.50
  2020  12  29  0.72  4.50 -0.60  0.40  0.92  3.70
  2020  12  30  1.28  5.60 -1.10  1.90  0.91  4.40
  2020  12  31  1.53  3.60  1.50  0.20  0.92  1.60
  2021   1   1  2.75  6.10 -0.90  0.40  0.93  3.00
  2021   1   2  1.23  3.70  2.20  0.10  0.95  2.50
  2021   1   3  0.71  3.60  2.40  0.00  0.85  3.50
  2021   1   4  0.88  3.40  1.50  0.70  0.88  5.00
  2021   1   5  0.54  3.70  1.90  0.00  0.88  4.10
  2021   1   6  1.28  3.60  0.30  0.00  0.88  2.50
  2021   1   7  1.38  3.60 -1.60  4.70  0.93  3.10
  2021   1   8  1.69  3.60 -2.90  1.20  0.93  1.20
  2021   1   9  4.29  5.60 -4.80  0.00  0.93  1.50
  2021   1  10  3.65  5.10 -3.10  0.00  0.91  2.80
  2021   1  11  0.91  6.20  1.30  1.00  0.91  6.60
  2021   1  12  3.14  8.30  0.30  2.10  0.86  4.50
  2021   1  13  3.47  5.90 -1.20  0.30  0.85  3.80
  2021   1  14  2.62  3.80 -0.90  0.00  0.81  3.40
  2021   1  15  1.01  1.60 -1.50  0.00  0.85  1.70
  2021   1  16  1.49  1.90 -0.80  1.50  0.84  3.40
  2021   1  17  3.23  7.50 -0.40  3.30  0.93  2.70
  2021   1  18  2.36  6.60  2.00  0.60   0.9  5.40
  2021   1  19  0.64 10.10  4.30  1.70  0.89  8.80
  2021   1  20  2.62 11.40  6.50  0.00  0.67  7.40
  2021   1  21  2.72 12.70  5.40  8.40  0.76  8.30
  2021   1  22  4.18  8.90 -0.20  3.90  0.89  4.00
  2021   1  23  3.36  5.40 -0.40  2.40   0.9  3.30
  2021   1  24  4.62  5.30  0.30  2.70  0.87  3.00
  2021   1  25  5.76  5.10 -0.50  3.00  0.86  3.30
  2021   1  26  3.39  6.30  1.60  2.20  0.84  4.20
  2021   1  27  1.03  6.50  1.10  1.40  0.94  4.80
  2021   1  28  0.98  6.20  4.90  4.10  0.97  2.60
  2021   1  29  2.07 10.10  3.10  3.30  0.87  5.30
  2021   1  30  2.82  3.10 -2.20  0.40   0.8  6.20
  2021   1  31  6.04  2.40 -6.00  0.10  0.84  3.90
  2021   2   1  2.12  3.80  0.70  0.10  0.94  2.60
  2021   2   2  1.37 10.20  1.60  0.00  0.95  3.40
  2021   2   3   1.0 10.00  6.90  1.90  0.92  3.70
  2021   2   4  4.24 10.00  3.20  0.00  0.89  3.50
  2021   2   5  4.24 11.20  4.60  2.40   0.9  2.00
  2021   2   6  1.72  6.10 -1.30  7.50  0.93  6.80
  2021   2   7  2.05 -1.30 -5.20  0.00  0.86  9.60
  2021   2   8  3.31 -4.70 -8.00  1.80  0.82  7.20
  2021   2   9  6.97 -3.30 11.70  0.00   0.8  2.50
  2021   2  10   5.4 -1.60 11.30  0.00  0.78  2.40
  2021   2  11 10.83 -1.70 11.20  0.00  0.79  1.80
  2021   2  12 10.39 -4.20 12.90  0.00  0.78  5.20
  2021   2  13 10.69 -2.40 12.20  0.00  0.72  3.80
  2021   2  14  9.16  3.30 11.10  0.00  0.54  4.50
  2021   2  15  2.64  4.00  0.80  0.70  0.77  5.00
  2021   2  16  5.39 11.90  3.80  1.30  0.85  4.10
  2021   2  17   6.0 12.20  7.10  0.70  0.81  5.70
  2021   2  18  4.16 11.70  4.70  7.30  0.81  4.90
  2021   2  19  8.23 11.10  2.70  0.00   0.8  4.30
  2021   2  20  9.17 16.80  7.90  0.00  0.71  3.90
  2021   2  21 10.49 17.50  4.20  0.00  0.66  2.90
  2021   2  22  5.72 16.80  5.80  0.00  0.58  3.00
  2021   2  23  8.61 18.60  8.40  0.00  0.69  4.40
  2021   2  24 11.01 19.10  9.40  0.00   0.7  4.10
  2021   2  25  8.94 17.40  6.40  0.10  0.78  2.50
  2021   2  26 10.13 11.20  0.10  0.00  0.75  2.10
  2021   2  27  8.07  8.90 -0.30  0.00  0.87  1.30
  2021   2  28  10.9 10.10 -1.50  0.00  0.88  2.60
  2021   3   1  7.08  8.10  0.70  0.00  0.91  4.50
  2021   3   2 12.23 15.20 -1.20  0.00  0.77  2.40
  2021   3   3  9.57 15.40  1.70  0.00  0.81  1.80
  2021   3   4   1.3  4.60  2.90  0.60   0.9  2.30
  2021   3   5 13.88  6.40 -2.40  0.00  0.66  3.00
  2021   3   6 12.33  6.90 -4.90  0.00  0.74  1.80
  2021   3   7 10.73  6.80 -4.60  0.00  0.74  1.80
  2021   3   8  8.35  9.40  1.40  0.10   0.7  1.80
  2021   3   9  3.57  7.50  2.30  2.40  0.85  3.20
  2021   3  10  5.25 10.50  1.60  1.40  0.78  5.40
  2021   3  11   6.4 13.10  6.70  3.80  0.74  0.00
  2021   3  12  5.32  9.00  3.90  3.60  0.77  8.00
  2021   3  13  9.58 10.10  4.20  7.60  0.74  8.70
  2021   3  14  5.98  9.10  3.60  2.70   0.8  4.50
  2021   3  15  8.94  8.80  5.10  4.50  0.84  3.50
  2021   3  16  6.59  7.80  3.90  4.90  0.86  2.50
  2021   3  17   7.1  7.10  0.90  2.10  0.87  2.80
  2021   3  18  8.63  8.50 -1.90  0.00  0.86  2.40
  2021   3  19 15.85  9.40 -0.90  0.00  0.72  3.30
  2021   3  20 15.72  9.30 -2.90  0.10  0.75  2.30
  2021   3  21  7.06  8.20  2.60  0.10  0.76  3.80
  2021   3  22   6.2  8.60  1.20  0.00  0.79  2.00
  2021   3  23 13.52 11.90  1.70  0.00  0.82  2.30
  2021   3  24 16.45 15.90 -0.40  0.00  0.74  2.50
  2021   3  25  9.63 12.60  4.00  0.00  0.81  3.20
  2021   3  26 14.23 15.30  4.00  0.20  0.69  5.70
  2021   3  27 13.86 10.50  2.20  3.80  0.69  5.60
  2021   3  28 10.25 13.30  5.10  0.00  0.67  6.30
  2021   3  29  18.6 20.50  7.60  0.00  0.52  5.00
  2021   3  30 18.75 22.70  2.60  0.00  0.55  1.50
  2021   3  31 18.34 24.80  3.90  0.00   0.5  1.40
  2021   4   1 17.61 17.40  3.50  0.00  0.64  3.00
  2021   4   2 10.66  8.80  2.10  0.00  0.77  3.60
  2021   4   3 14.92 11.80  2.20  0.00   0.7  2.60
  2021   4   4  7.26  8.50  3.00  0.00  0.73  2.80
  2021   4   5 11.92  7.10  0.10  3.30  0.77  5.60
  2021   4   6 13.59  4.90 -0.60  2.60  0.83  4.10
  2021   4   7 11.03  7.10 -0.40  9.50  0.86  4.90
  2021   4   8  14.2  9.30  0.50  0.10  0.64  4.60
  2021   4   9 14.97 13.40  2.40  0.00  0.63  3.50
  2021   4  10  3.45  7.10  3.40  4.30   0.9  4.20
  2021   4  11  7.78  8.30  0.80  0.40  0.79  3.50
  2021   4  12 16.67  8.50 -2.40  1.30  0.76  3.00
  2021   4  13 15.89 10.20 -3.00  0.00  0.66  2.20
  2021   4  14 18.42  9.60 -1.70  0.00  0.71  2.10
  2021   4  15 14.26 10.00  0.50  0.00  0.66  2.40
  2021   4  16  22.1 12.90 -0.30  0.00  0.56  3.00
  2021   4  17 19.58 13.80  1.00  0.00  0.64  3.00
  2021   4  18 20.71 15.70 -0.20  0.00  0.67  2.20
  2021   4  19  8.81 13.00  3.70  2.90  0.88  1.60
  2021   4  20 20.24 17.80  0.50  0.00   0.7  1.30
  2021   4  21 20.92 15.90  2.00  0.00  0.69  3.50
  2021   4  22 22.73 12.40 -1.10  0.00  0.67  2.70
  2021   4  23 23.48 13.90 -1.30  0.00  0.68  2.10
  2021   4  24 20.89 13.60  0.30  0.00  0.62  3.40
  2021   4  25 21.65 11.90  1.90  0.00  0.62  3.10
  2021   4  26 25.39 13.90  0.80  0.00  0.55  3.00
  2021   4  27 24.95 15.70  0.40  0.00  0.48  3.40
  2021   4  28  20.4 20.40  1.60  0.00  0.47  3.30
  2021   4  29  6.03 10.00  6.10  0.70  0.76  4.00
  2021   4  30  9.96 13.20  5.70  0.00  0.81  2.20
  2021   5   1 18.94 13.70  1.10  0.00   0.7  2.50
  2021   5   2 15.45 11.50  0.80  0.00  0.67  3.20
  2021   5   3 18.06 15.40 -0.30  0.00  0.54  5.50
  2021   5   4 10.08 13.10  5.90  4.30  0.76  9.20
  2021   5   5 18.05 11.00  3.60  5.90  0.73  5.20
  2021   5   6 17.07 11.90  3.70  1.10  0.76  2.80
  2021   5   7 20.76 13.10  0.40  5.90  0.72  2.70
  2021   5   8  9.34 17.80  1.00  0.90  0.69  4.00
  2021   5   9 16.45 26.80 12.20  0.00   0.6  4.00
  2021   5  10 13.74 20.90 13.30  0.00  0.63  4.40
  2021   5  11  7.09 17.10  9.20  1.80  0.79  1.80
  2021   5  12  19.8 18.70  7.00  0.30  0.73  2.30
  2021   5  13 17.52 20.10  5.40  1.10  0.76  2.10
  2021   5  14 18.48 17.00  6.00  0.60   0.8  1.60
  2021   5  15  12.5 15.00  6.60  4.30  0.84  3.00
  2021   5  16 17.98 16.90  9.00  4.90  0.78  4.00
  2021   5  17 13.51 15.10  8.40  2.50  0.83  3.80
  2021   5  18  20.5 17.00  5.30  2.90  0.74  3.10
  2021   5  19 15.17 15.70  5.80  7.60  0.86  2.80
  2021   5  20  13.4 16.30  4.60  0.00  0.75  3.80
  2021   5  21 16.99 17.60  9.80  1.50  0.66  7.50
  2021   5  22  7.78 13.60  9.20  7.00  0.84  6.40
  2021   5  23 16.81 15.80  9.50  0.70  0.67  5.20
  2021   5  24 11.86 16.10  8.60  6.50  0.76  5.00
  2021   5  25 13.52 14.80  6.70  5.80  0.84  4.80
  2021   5  26 19.48 15.40  8.90  0.40  0.78  4.90
  2021   5  27  6.14 12.80  6.70  4.40  0.86  3.50
  2021   5  28 25.21 18.80  3.20  0.00  0.75  1.40
  2021   5  29 27.42 19.60  6.90  0.00  0.71  2.60
  2021   5  30 29.77 21.70  6.60  0.00  0.64  3.00
  2021   5  31 28.33 22.80  8.90  0.00   0.6  2.80
  2021   6   1 29.88 24.90 10.30  0.00  0.49  3.40
  2021   6   2 29.42 28.00 10.90  0.00  0.49  2.40
  2021   6   3 17.06 24.40 15.90  3.80   0.8  2.30
  2021   6   4 24.88 26.30 13.80  1.20  0.77  1.80
  2021   6   5  7.37 18.90 14.00  0.00   0.9  2.40
  2021   6   6  17.7 22.20 12.00  0.00  0.74  2.40
  2021   6   7 29.18 23.10  8.10  0.00  0.66  2.50
  2021   6   8 29.52 24.50  9.40  0.00  0.67  1.50
  2021   6   9 25.97 26.20 11.70  0.00  0.65  1.40
  2021   6  10 28.82 27.20 10.40  0.00  0.59  2.00
  2021   6  11 23.45 25.50 13.70  0.00  0.73  2.40
  2021   6  12 22.65 22.00 10.20  0.00  0.69  3.50
  2021   6  13 29.25 23.60  6.40  0.00  0.64  1.00
  2021   6  14 28.82 29.10  8.70  0.00  0.58  2.30
  2021   6  15 24.07 24.70 13.50  0.00  0.63  1.90
  2021   6  16 26.96 30.80 11.90  0.00  0.61  2.20
  2021   6  17 25.67 32.50 16.00  0.00   0.6  2.90
  2021   6  18 20.19 31.50 18.80  5.80   0.7  2.80
  2021   6  19 21.06 23.70 17.10  3.10  0.77  3.50
  2021   6  20 21.41 25.50 17.90  0.40  0.73  4.10
  2021   6  21  8.63 17.90 13.20  3.80  0.87  3.50
  2021   6  22 19.37 19.70 11.20  5.00  0.76  3.30
  2021   6  23 10.59 18.10 11.40  0.00  0.77  2.00
  2021   6  24 10.99 18.90  9.50  0.00  0.77  2.00
  2021   6  25  14.2 21.70  5.90  0.30  0.81  2.80
  2021   6  26 25.58 25.40 11.30  0.00   0.7  2.30
  2021   6  27 19.56 27.60 15.20  7.50  0.77  3.20
  2021   6  28 13.52 24.30 14.30  2.00  0.87  1.30
  2021   6  29 19.05 24.40 14.40  0.40  0.85  2.70
  2021   6  30   6.4 16.20 13.00  0.10  0.94  2.30
  2021   7   1  4.01 15.10 12.70  1.20  0.91  3.30
  2021   7   2 14.19 21.50 11.60  0.00  0.85  1.80
  2021   7   3 14.26 24.50 10.90  3.30  0.81  1.80
  2021   7   4  14.3 23.00 14.00  6.30  0.89  1.70
  2021   7   5 13.39 20.30 13.60  2.70  0.86  3.20
  2021   7   6 15.32 22.10 13.20  1.40  0.76  6.10
  2021   7   7  22.9 23.30 11.70  0.00  0.73  3.30
  2021   7   8 18.22 24.30 11.90  0.00  0.74  1.50
  2021   7   9 22.98 23.30 12.30  0.00  0.74  1.90
  2021   7  10 16.28 23.40 12.60  0.40  0.78  1.40
  2021   7  11 17.75 23.30 14.00  0.00  0.81  2.00
  2021   7  12 17.21 25.20 12.70  0.00  0.77  2.00
  2021   7  13  5.93 21.90 16.80  1.90  0.92  2.30
  2021   7  14  3.66 20.50 17.50  0.20  0.94  3.40
  2021   7  15   2.9 19.20 16.40  0.30  0.93  3.90
  2021   7  16 10.76 21.20 15.40  0.50   0.8  2.20
  2021   7  17 27.14 26.10 15.80  0.00  0.73  3.00
  2021   7  18  27.1 27.20 13.70  0.00  0.75  2.40
  2021   7  19 21.59 23.00 11.40  0.00  0.77  1.90
  2021   7  20 27.02 22.40  8.90  0.00  0.74  1.80
  2021   7  21 23.66 24.80  9.80  0.00  0.68  1.00
  2021   7  22 24.08 23.90 13.30  0.00  0.73  2.30
  2021   7  23  27.5 22.80 11.20  0.00  0.73  2.80
  2021   7  24  8.07 21.80 13.60  0.10  0.86  2.30
  2021   7  25 23.71 27.20 15.50  0.00  0.76  2.60
  2021   7  26  18.3 24.70 13.90  1.60  0.82  3.50
  2021   7  27 13.43 22.80 15.70  2.70  0.86  3.00
  2021   7  28 16.51 22.90 14.10  1.70  0.76  5.30
  2021   7  29 17.37 22.40 11.90  2.50  0.68  5.30
  2021   7  30 15.97 25.10 10.90  3.70  0.73  4.60
  2021   7  31 17.58 21.60 12.10  2.70  0.78  5.70
  2021   8   1 11.23 19.90 12.00  4.20  0.88  3.10
  2021   8   2 15.03 20.00  9.20  0.00  0.77  1.40
  2021   8   3 11.54 20.20  9.40  0.00  0.83  1.30
  2021   8   4 22.75 23.30  8.40  0.00  0.74  1.30
  2021   8   5 18.22 24.20 14.00  0.00  0.72  1.60
  2021   8   6 15.34 22.30 16.20  2.20  0.81  4.90
  2021   8   7 18.64 23.20 14.20  5.30   0.8  4.20
  2021   8   8 16.65 20.90 14.20  1.80  0.75  6.80
  2021   8   9 15.66 21.40 13.10  0.60  0.79  4.40
  2021   8  10 16.26 21.70 11.40  0.70  0.84  3.70
  2021   8  11 22.04 23.90 10.50  0.00  0.79  1.50
  2021   8  12  18.0 26.10 10.70  0.00  0.78  1.40
  2021   8  13 16.98 23.30 12.40  0.00  0.76  2.50
  2021   8  14 24.24 24.30 11.00  0.00  0.77  2.80
  2021   8  15 20.65 27.20 13.10  0.00  0.69  3.60
  2021   8  16  7.23 17.60  9.30  3.40  0.78  4.70
  2021   8  17  5.26 16.80  9.90  3.10  0.92  4.40
  2021   8  18  8.51 19.80 14.90  0.70  0.87  3.50
  2021   8  19  4.61 18.60 13.30  2.00  0.89  3.10
  2021   8  20 12.78 22.90 12.40  0.20  0.84  2.50
  2021   8  21 16.24 25.60 11.80  4.00  0.78  1.60
  2021   8  22 12.97 22.90 17.00  0.30  0.87  4.30
  2021   8  23  9.85 21.80 14.20  0.50   0.8  2.70
  2021   8  24 21.56 22.60 10.40  0.00  0.71  3.00
  2021   8  25 20.93 22.60  9.20  0.10  0.73  2.20
  2021   8  26 11.01 20.30 11.80  0.70  0.78  2.70
  2021   8  27 16.36 19.70 11.20  4.80  0.81  2.90
  2021   8  28  9.57 20.60 12.90  0.10  0.81  3.10
  2021   8  29  3.92 17.40 14.20  2.80   0.9  2.70
  2021   8  30 12.89 22.90 14.10  0.00  0.82  3.40
  2021   8  31 13.43 22.20 13.50  0.00  0.79  2.80
  2021   9   1  6.87 18.30 14.30  0.00  0.76  1.30
  2021   9   2 18.24 22.10 13.30  0.00  0.76  2.00
  2021   9   3 19.59 24.40 10.50  0.00  0.78  2.70
  2021   9   4 13.68 21.50 11.90  0.00  0.85  3.20
  2021   9   5 19.67 24.10  9.50  0.00  0.77  2.30
  2021   9   6 16.29 24.90  8.10  0.00  0.76  1.00
  2021   9   7 16.37 26.20 12.60  0.00  0.73  1.80
  2021   9   8 18.47 27.80 12.30  0.00   0.7  2.50
  2021   9   9 14.47 27.90 12.70  0.00  0.76  2.80
  2021   9  10  6.96 23.80 16.40  4.50  0.92  2.30
  2021   9  11  7.48 20.30 14.40  5.80  0.91  3.90
  2021   9  12 12.29 21.30 10.40  0.00  0.84  2.30
  2021   9  13 15.29 20.30  8.40  0.00  0.83  1.40
  2021   9  14 11.18 23.60 10.40  0.10  0.84  2.70
  2021   9  15  7.56 20.80 12.00  6.60  0.85  2.30
  2021   9  16 13.91 21.10  9.50  0.00  0.82  2.60
  2021   9  17 13.25 22.10 11.70  0.00  0.82  1.70
  2021   9  18 14.52 21.60  9.30  0.00  0.84  1.70
  2021   9  19 14.03 20.90  9.50  0.00   0.8  3.50
  2021   9  20 15.07 17.90  6.50  0.00  0.72  3.60
  2021   9  21 13.29 18.60  5.20  0.00  0.76  1.10
  2021   9  22  14.8 20.30  6.10  0.00  0.77  2.10
  2021   9  23  10.5 20.00  7.50  0.00  0.83  4.30
  2021   9  24  9.06 21.30 13.90  0.00  0.85  4.30
  2021   9  25  6.81 20.90 12.00  0.00  0.84  2.60
  2021   9  26 10.33 22.70 12.10  1.60  0.88  2.40
  2021   9  27  6.26 20.50  9.60  3.70  0.87  4.20
  2021   9  28 14.05 18.90  7.60  0.00  0.79  3.10
  2021   9  29  4.36 15.00  8.70  9.70  0.85  5.10
  2021   9  30  8.72 14.50  6.50  0.00  0.77  4.90
  2021  10   1  7.33 17.70 10.90  1.60  0.72  5.80
  2021  10   2  6.45 17.10 12.10  3.10  0.85  5.00
  2021  10   3  2.05 17.40 10.90  2.00  0.92  4.10
  2021  10   4 12.24 18.20 10.60  0.00  0.74  5.20
  2021  10   5  7.29 17.70  9.70  3.60  0.82  5.20
  2021  10   6  4.48 14.40  9.70  1.50  0.91  6.00
  2021  10   7  7.93 15.90  5.40  0.00  0.93  1.20
  2021  10   8 11.85 16.90  3.60  0.00  0.89  1.80
  2021  10   9 11.97 16.50  5.30  0.00  0.88  1.90
  2021  10  10  9.46 16.20  2.60  0.50   0.9  1.00
  2021  10  11  6.35 16.20  6.60  0.50  0.86  1.90
  2021  10  12  6.66 14.50  6.10  7.70  0.87  2.60
  2021  10  13  6.56 14.40  5.80  0.20  0.84  2.60
  2021  10  14  4.73 16.00  9.80  0.20  0.87  4.90
  2021  10  15  7.15 15.00  2.00  1.60  0.84  3.00
  2021  10  16  7.11 13.70  0.90  0.00  0.81  1.50
  2021  10  17  5.38 14.20  5.00  0.00  0.78  1.80
  2021  10  18  7.45 15.20  6.40  0.00  0.81  2.70
  2021  10  19  2.09 18.10 13.40  1.40  0.92  5.00
  2021  10  20  2.72 17.90 13.50  4.20   0.8  7.00
  2021  10  21  5.73 15.20  4.40  5.50  0.82  6.50
  2021  10  22  5.39 12.00  4.80  3.40  0.88  5.40
  2021  10  23  6.26 13.70  3.30  0.00  0.91  2.30
  2021  10  24  9.81 13.60  0.80  0.00  0.83  2.40
  2021  10  25  4.27 14.30  4.80  0.00  0.86  3.90
  2021  10  26  4.31 14.90 10.30  0.00  0.87  5.60
  2021  10  27  6.67 16.40  8.80  0.00  0.86  4.80
  2021  10  28  8.83 17.10  5.80  0.00  0.81  3.00
  2021  10  29  7.92 18.90  9.10  3.50  0.78  4.70
  2021  10  30  2.41 14.90 10.60  6.40  0.91  4.30
  2021  10  31  5.39 16.70  9.50  9.90  0.88  4.40
  2021  11   1  6.15 13.20  5.80  1.80  0.84  5.50
  2021  11   2  2.95 10.30  2.60  0.80  0.94  2.80
  2021  11   3   2.8  8.10  0.20  0.00  0.97  1.00
  2021  11   4  3.09  9.10  1.20  0.00  0.97  1.60
  2021  11   5  5.56 12.20  1.50  0.00  0.91  2.70
  2021  11   6  3.52 11.00  4.20  0.00  0.85  6.20
  2021  11   7  4.39 12.20  5.00  3.60  0.86  4.80
  2021  11   8  4.47 12.50  2.40  0.00   0.9  2.40
  2021  11   9  6.67 11.90  1.00  0.00  0.88  2.10
  2021  11  10  5.63 10.20 -0.50  0.00  0.91  1.20
  2021  11  11  2.13  9.90  0.30  0.00   0.9  1.60
  2021  11  12  5.45  9.20  0.80  0.40  0.87  3.30
  2021  11  13   2.2 12.80  5.30  4.50  0.97  2.50
  2021  11  14  3.78 10.50  7.70  0.00   0.9  3.30
  2021  11  15  0.63  8.30  5.50  0.00  0.88  3.30
  2021  11  16  0.51  5.60  4.80  0.00  0.91  1.50
  2021  11  17  1.72 11.00  3.50  0.70  0.94  3.50
  2021  11  18  4.82 11.40  3.10  0.00  0.88  5.00
  2021  11  19  1.91 13.30  9.70  0.00  0.91  3.90
  2021  11  20  0.73 10.60  7.50  0.30  0.89  3.70
  2021  11  21  2.44  9.60  2.90  1.60   0.9  2.60
  2021  11  22  5.73  7.90 -2.70  0.00  0.88  1.90
  2021  11  23  2.69  9.60 -2.60  0.00  0.96  1.40
  2021  11  24  1.45  7.70 -0.90  0.00  0.95  1.00
  2021  11  25  1.66  6.40 -3.60  1.40  0.96  2.20
  2021  11  26  1.79  4.90  0.40  7.00  0.93  5.50
  2021  11  27   3.5  4.90  0.20  6.00  0.93  3.30
  2021  11  28  2.18  4.70 -0.20  0.50  0.94  1.90
  2021  11  29  3.62  6.70  0.30  0.10  0.88  3.50
  2021  11  30  0.78 10.10  3.00  1.40  0.95  6.50
  2021  12   1  1.47 10.10  2.70  3.80  0.88  7.30
  2021  12   2  3.78  4.90 -3.10  3.50   0.9  2.80
  2021  12   3  1.56  4.80 -2.50  0.90  0.92  6.10
  2021  12   4  0.72  5.80  3.30  3.40  0.94  3.50
  2021  12   5  0.93  5.00  2.40  0.10  0.91  3.00
  2021  12   6  1.15  3.90 -1.10  7.00  0.95  2.60
  2021  12   7  3.92  5.70  0.60  2.30  0.87  4.50
  2021  12   8  2.34  6.80  2.00  0.20  0.84  4.80
  2021  12   9  1.26  5.30  1.00  0.00   0.9  4.20
  2021  12  10   1.5  4.80 -0.70  0.10  0.86  3.20
  2021  12  11  2.33  7.70 -2.30  0.50  0.95  2.60
  2021  12  12  0.68 10.60  4.40  3.10  0.97  5.30
  2021  12  13  0.72 10.20  7.90  0.00   0.9  3.20
  2021  12  14  1.49  9.50  7.30  0.00  0.93  4.00
  2021  12  15  1.12 10.80  8.10  0.00  0.94  3.90
  2021  12  16  3.04 11.60  4.00  0.00  0.98  1.60
  2021  12  17  0.82  8.40  7.30  0.10  0.94  1.80
  2021  12  18  0.95  7.90  6.00  0.10  0.96  1.50
  2021  12  19  0.93  7.00  5.10  0.70  0.96  2.00
  2021  12  20   3.1  7.10 -2.40  0.00  0.85  1.60
  2021  12  21  4.47  2.90 -5.30  0.00  0.92  1.50
  2021  12  22  3.98  0.60 -6.70  0.00  0.91  1.70
  2021  12  23  1.87  7.60 -2.50  2.10  0.88  4.30
  2021  12  24  0.99  9.60  5.20  2.90  0.93  4.30
  2021  12  25  3.32  5.20 -2.90  0.60  0.79  6.30
  2021  12  26  1.44  2.90 -4.80  0.00   0.8  3.80
  2021  12  27  1.72  8.30  2.90  1.20  0.96  2.80
  2021  12  28  0.91 10.70  6.20  2.80  0.94  5.30
  2021  12  29  1.26 13.30  8.20  4.50  0.94  4.40
  2021  12  30  1.39 15.30 11.00  5.00  0.89  6.40
  2021  12  31  1.74 14.20 11.20  0.00  0.85  6.20
  2022   1   1  2.67 14.10 11.30  0.00  0.84  4.60
  2022   1   2  1.76 13.40 10.60  4.80  0.82  6.50
  2022   1   3  1.72 11.10  8.20  0.00  0.83  6.80
  2022   1   4  0.84  8.70  3.00  2.50   0.9  3.30
  2022   1   5  1.54  5.90  1.60  4.90  0.86  5.00
  2022   1   6  4.36  6.50 -1.70  0.00  0.86  3.80
  2022   1   7   2.2  6.50 -0.80  4.10  0.88  5.80
  2022   1   8  1.55  5.50 -2.80  6.50  0.93  5.40
  2022   1   9  1.83  6.60 -2.10  6.80  0.88  3.80
  2022   1  10  2.94  2.00 -3.00  0.00  0.98  1.90
  2022   1  11   4.8  5.10 -1.40  0.00   0.9  2.50
  2022   1  12  1.34  3.40  1.30  0.70  0.96  2.10
  2022   1  13   1.4  3.20  1.00  0.00  0.98  3.50
  2022   1  14  1.08  4.00  1.10  0.00  0.98  2.20
  2022   1  15  1.12  3.00  0.80  0.00  0.98  3.10
  2022   1  16  1.37  6.20  0.60  0.30  0.96  4.60
  2022   1  17  1.73  8.70  3.10  0.00   0.9  2.90
  2022   1  18  3.01  9.40 -0.80  0.00  0.94  1.00
  2022   1  19  0.69  6.30 -1.10  0.90  0.94  3.70
  2022   1  20  3.17  5.70  0.50  1.60  0.82  3.00
  2022   1  21  3.18  6.60 -0.60  0.20  0.89  3.00
  2022   1  22  0.86  6.70  4.30  0.10  0.94  2.50
  2022   1  23  1.82  6.80  4.10  0.00  0.92  1.40
  2022   1  24  2.78  5.80  2.00  0.00  0.82  1.30
  2022   1  25  1.26  4.00  2.80  0.00  0.82  0.80
  2022   1  26  1.05  4.00  2.10  0.00  0.86  4.10
  2022   1  27  0.78  9.10  3.90  1.80  0.87  5.60
  2022   1  28   5.4  9.00  0.50  0.00  0.84  3.90
  2022   1  29  1.33 12.00  5.80  0.40  0.84  6.60
  2022   1  30  5.36  8.70  1.50  0.00  0.72  3.30
  2022   1  31  1.22  7.00  2.70  0.00  0.83  6.40
  2022   2   1   0.9  9.90  2.30  1.80  0.86  5.60
  2022   2   2  4.48 11.10  5.50  0.00  0.84  3.60
  2022   2   3  1.98  8.70  6.60  0.20  0.88  5.80
  2022   2   4  2.17  8.90  3.10  3.30  0.88  6.40
  2022   2   5  6.89  8.00  1.50  2.20  0.81  7.40
  2022   2   6  1.06  8.40  3.70  7.20  0.88  8.50
  2022   2   7  6.16  8.30  2.90  0.20  0.73  5.00
  2022   2   8   3.0 11.50  6.00  0.00  0.86  6.50
  2022   2   9  2.28 10.20  7.70  0.40  0.88  4.60
  2022   2  10  2.79  8.60  2.00  1.20  0.84  2.70
  2022   2  11  6.64  7.50 -2.70  0.50  0.76  3.50
  2022   2  12  7.99  7.50 -3.70  0.00  0.72  3.50
  2022   2  13  7.23 10.60  0.10  0.00  0.66  5.70
  2022   2  14  5.16 11.50  5.40  1.70  0.74  7.00
  2022   2  15   6.8  9.80  5.30  6.30  0.84  6.90
  2022   2  16  1.42 13.90  8.30  7.30   0.9  9.50
  2022   2  17  6.22 12.70  3.00  6.00  0.66  8.30
  2022   2  18  2.29 12.30  5.80  4.00  0.74  0.00
  2022   2  19  6.85  9.00  4.00  1.40  0.71  8.80
  2022   2  20  1.48 10.70  4.10  0.50  0.89  9.70
  2022   2  21  2.96  8.10  4.00  6.60  0.75  8.00
  2022   2  22  3.26 10.40  1.60  4.70  0.86  5.30
  2022   2  23 11.26 12.00 -0.40  0.00  0.74  4.80
  2022   2  24  6.69 12.20  0.90  4.20  0.78  6.30
  2022   2  25  7.78  8.80 -1.10  1.50  0.81  4.80
  2022   2  26 10.74  8.00 -3.30  0.00  0.87  2.50
  2022   2  27 12.36  9.70 -1.30  0.00  0.68  3.80
  2022   2  28 12.66 10.60 -1.20  0.00  0.61  2.90
  2022   3   1  6.18  8.90 -0.40  0.00  0.67  1.90
  2022   3   2 11.39 10.90  0.30  0.00  0.56  2.90
  2022   3   3 13.01 11.50 -2.50  0.00  0.58  3.30
  2022   3   4 13.28 10.90 -2.70  0.00  0.66  3.40
  2022   3   5  13.0  8.80 -4.20  0.00  0.72  2.50
  2022   3   6 12.45  6.70 -1.80  0.00  0.67  3.30
  2022   3   7 14.29  7.40 -5.10  0.00  0.68  3.40
  2022   3   8 14.21 10.50 -2.60  0.00  0.49  4.50
  2022   3   9  14.2 14.20 -3.30  0.00  0.52  2.50
  2022   3  10 14.13 16.00 -2.20  0.00   0.5  3.00
  2022   3  11 13.71 15.30  3.50  0.00  0.44  5.60
  2022   3  12  10.8 15.70  7.10  0.00  0.56  4.40
  2022   3  13  11.1 17.10  7.60  0.00  0.54  4.00
  2022   3  14  6.75 13.10  3.50  0.20   0.8  3.60
  2022   3  15  4.65 12.20  1.00  0.00  0.85  1.30
  2022   3  16 10.81 13.70  0.00  0.00  0.73  4.60
  2022   3  17  7.71 11.40  0.40  0.10   0.7  3.00
  2022   3  18 16.17 14.80 -2.50  0.00  0.68  2.80
  2022   3  19 16.91 14.00  3.40  0.00  0.58  6.20
  2022   3  20  5.45  9.10 -1.30  0.40  0.68  3.50
  2022   3  21 15.73 18.10 -3.30  0.00  0.72  1.60
  2022   3  22 16.04 19.80  3.40  0.00  0.58  1.90
  2022   3  23 15.95 19.30  1.80  0.00  0.54  1.30
  2022   3  24 16.68 18.40  0.60  0.00  0.52  1.60
  2022   3  25 16.64 17.40  1.70  0.00  0.57  2.60
  2022   3  26  17.6 18.50  2.30  0.00  0.62  2.60
  2022   3  27 16.61 16.20  4.70  0.00  0.73  2.50
  2022   3  28  17.1 16.60  2.30  0.00  0.73  1.80
  2022   3  29  9.11 13.20  4.30  0.00  0.78  3.10
  2022   3  30 16.79 12.00  2.20  0.00   0.7  3.30
  2022   3  31  3.75  5.10  0.30  4.80  0.93  3.40
  2022   4   1  4.23  3.60  0.10  2.90   0.8  5.40
  2022   4   2 11.67  6.90 -1.70  0.00  0.61  4.00
  2022   4   3 11.63  8.10 -5.20  0.00  0.73  2.50
  2022   4   4  3.69 10.50 -1.10  2.40  0.87  8.50
  2022   4   5   5.0 12.40  9.00  5.10  0.89  5.20
  2022   4   6  3.71 11.00  8.50  2.00  0.81  8.50
  2022   4   7  8.84 11.80  5.40  2.60  0.72  9.50
  2022   4   8  9.49  9.50  1.40  0.00  0.73  3.60
  2022   4   9 15.14 10.70 -0.80  1.30  0.75  4.00
  2022   4  10 19.16 12.30 -2.00  0.00  0.67  2.00
  2022   4  11 20.38 16.30  1.20  0.00  0.57  3.30
  2022   4  12 18.12 22.40  5.80  0.00  0.54  3.30
  2022   4  13  7.05 16.60  9.30  0.40  0.83  1.80
  2022   4  14 17.24 19.20  6.50  0.00  0.76  2.30
  2022   4  15 12.87 12.10  4.80  0.00  0.81  2.70
  2022   4  16 22.77 16.00  5.20  0.00  0.61  4.10
  2022   4  17 23.84 18.60  0.80  0.00  0.45  3.20
  2022   4  18 22.59 19.90  2.40  0.00  0.47  1.90
  2022   4  19  22.8 19.10  3.40  0.00  0.51  3.40
  2022   4  20 23.28 17.70  3.30  0.00  0.53  3.80
  2022   4  21 21.35 17.70  5.20  0.00  0.57  4.40
  2022   4  22 11.81 16.40  8.30  0.00  0.69  6.00
  2022   4  23 20.32 19.70  8.50  0.00   0.6  6.60
  2022   4  24 21.75 18.40  7.30  0.00  0.54  5.20
  2022   4  25  5.67 10.70  5.10  1.10  0.87  2.90
  2022   4  26 18.98 15.20  5.20  0.00  0.66  3.60
  2022   4  27  23.8 15.90  1.10  0.00  0.66  2.00
  2022   4  28 24.88 16.50  2.60  0.00  0.64  2.80
  2022   4  29 14.82 15.10  5.70  0.00   0.7  3.30
  2022   4  30 13.59 13.30  3.30  0.00  0.71  2.20
  2022   5   1 15.87 15.30  5.00  0.00  0.66  1.50
  2022   5   2 25.11 18.90  2.30  0.00  0.61  2.30
  2022   5   3 18.58 17.70  4.40  0.00  0.67  2.60
  2022   5   4 24.71 18.30  7.10  0.00  0.61  1.80
  2022   5   5 19.15 20.10  6.20  0.00  0.65  1.50
  2022   5   6 20.53 21.60  8.10  0.00  0.74  1.50
  2022   5   7 16.58 22.90  9.50  4.90  0.74  2.20
  2022   5   8 25.34 18.50  8.30  0.00  0.61  3.20
  2022   5   9 25.91 24.60  4.30  0.00  0.59  1.70
  2022   5  10  13.6 25.80 11.50  0.00  0.59  4.00
  2022   5  11 25.68 23.90 13.00  0.00  0.56  5.20
  2022   5  12 20.38 20.20  7.60  0.00   0.6  3.40
  2022   5  13 19.43 20.50  7.10  0.00  0.65  4.50
  2022   5  14 26.41 23.10  6.70  0.00  0.61  2.40
  2022   5  15 27.15 26.20  9.10  0.00   0.5  3.70
  2022   5  16 14.17 27.70 11.60  0.80  0.68  2.80
  2022   5  17 17.38 26.60 11.30  0.00   0.7  2.50
  2022   5  18 22.13 27.80 13.00  0.00  0.66  2.30
  2022   5  19 13.11 27.70 10.90  0.50  0.78  2.70
  2022   5  20 13.81 21.00  9.10  3.10  0.83  3.50
  2022   5  21 16.24 19.20 10.00  0.00  0.73  3.70
  2022   5  22 24.87 22.10  8.00  0.00  0.66  2.10
  2022   5  23 12.73 24.00 13.50  4.30  0.74  3.40
  2022   5  24 17.72 17.70  8.30  0.00  0.75  5.40
  2022   5  25 20.75 20.00  6.90  0.00  0.69  5.90
  2022   5  26 17.31 21.00 14.10  0.00  0.68  6.20
  2022   5  27 25.03 18.20  8.90  1.90  0.66  4.00
  2022   5  28 21.37 17.20  7.50  0.00  0.63  3.30
  2022   5  29 12.86 14.00  7.60  5.30   0.8  2.50
  2022   5  30 16.41 15.20  5.80  0.00  0.68  1.10
  2022   5  31 19.79 18.30  6.70  6.70  0.73  2.20
  2022   6   1 20.52 17.50  7.20  3.70  0.75  3.20
  2022   6   2 30.71 20.00  4.50  0.00  0.64  2.10
  2022   6   3 25.92 24.60 10.30  0.00  0.53  4.00
  2022   6   4 23.16 24.80 12.40  0.00  0.59  4.90
  2022   6   5  5.86 21.20 14.30  0.50  0.83  4.50
  2022   6   6 15.71 19.70 12.30  4.90  0.82  5.80
  2022   6   7 15.98 20.70 12.30  2.80   0.8  3.90
  2022   6   8  8.81 18.50 12.30  1.10  0.92  3.60
  2022   6   9 20.36 20.70 10.80  0.30  0.73  3.30
  2022   6  10 14.01 23.50 10.70  0.00  0.74  3.00
  2022   6  11 26.72 23.70 11.40  0.00  0.69  2.80
  2022   6  12 25.32 21.80  9.20  0.00  0.68  2.90
  2022   6  13  26.8 19.30  9.60  0.00  0.65  2.80
  2022   6  14 30.24 21.00  6.40  0.00  0.63  1.80
  2022   6  15 30.39 25.30  9.80  0.00  0.55  2.60
  2022   6  16 28.89 24.80 12.30  0.00  0.56  2.20
  2022   6  17 26.92 29.80 13.20  0.00  0.52  2.80
  2022   6  18 25.77 30.90 16.80  0.00  0.62  3.50
  2022   6  19 13.75 18.60 12.70  2.90  0.73  3.70
  2022   6  20 23.22 20.60  9.30  0.00  0.68  2.40
  2022   6  21 19.69 21.00  6.90  0.00  0.68  1.80
  2022   6  22 29.67 26.70 11.30  0.00  0.55  2.80
  2022   6  23  27.8 31.80 14.30  2.60  0.63  2.90
  2022   6  24  17.6 24.20 16.60  3.40  0.82  2.90
  2022   6  25 15.01 24.70 15.70  0.80  0.78  2.90
  2022   6  26 12.47 19.60 14.80  0.10  0.81  2.30
  2022   6  27 10.55 20.60 10.70  7.30  0.84  1.50
  2022   6  28 27.28 24.00  9.00  0.00  0.65  2.30
  2022   6  29 27.78 28.10 13.80  0.00  0.59  2.10
  2022   6  30 24.02 25.60 13.50  7.20  0.78  3.20
  2022   7   1 23.71 21.30 12.40  0.00  0.73  3.80
  2022   7   2 25.39 25.30 11.00  0.00  0.63  2.20
  2022   7   3 24.75 23.20 10.90  0.00  0.68  3.30
  2022   7   4 25.39 23.70  8.80  0.00  0.68  2.60
  2022   7   5 21.21 22.30  9.80  0.00  0.68  2.50
  2022   7   6 20.97 22.10  7.90  0.00  0.65  2.70
  2022   7   7 14.63 19.30 13.50  3.10  0.74  3.50
  2022   7   8 26.64 24.70  9.70  0.00  0.68  2.30
  2022   7   9 21.87 23.10 12.30  0.00  0.73  2.80
  2022   7  10 15.55 21.70 11.90  0.00  0.71  2.40
  2022   7  11 13.26 23.30 13.80  0.00  0.79  1.20
  2022   7  12 22.76 28.20 11.80  0.00  0.68  1.30
  2022   7  13 19.29 28.60 14.70  0.00  0.63  3.30
  2022   7  14 24.89 24.80 12.60  0.00  0.64  2.50
  2022   7  15 23.61 23.10 10.50  0.00  0.61  2.10
  2022   7  16 27.07 23.10 10.60  0.00  0.59  3.20
  2022   7  17 26.95 26.00  8.90  0.00  0.56  1.60
  2022   7  18 27.32 33.30 12.50  0.00  0.49  1.50
  2022   7  19 27.04 37.80 16.80  0.00  0.37  2.60
  2022   7  20 22.74 30.20 18.30  3.50  0.58  3.50
  2022   7  21  4.87 20.20 15.70  9.10  0.92  3.50
  2022   7  22 18.38 22.10 15.20  0.10  0.72  1.70
  2022   7  23 24.39 25.70 12.10  0.00   0.7  1.40
  2022   7  24 26.79 30.30 14.50  0.00  0.59  2.80
  2022   7  25 17.46 26.60 16.40  0.00  0.62  4.30
  2022   7  26  12.0 21.40 12.50  0.30  0.74  2.90
  2022   7  27 21.65 22.40  8.60  0.00  0.63  2.20
  2022   7  28 23.45 23.80 11.30  0.00  0.55  3.80
  2022   7  29 21.51 26.00 13.80  0.80  0.64  2.00
  2022   7  30 22.63 26.30 13.40  0.00  0.66  2.00
  2022   7  31 11.25 25.80 16.30  2.70   0.8  3.80
  2022   8   1 18.02 23.80 12.10  0.00  0.73  2.20
  2022   8   2  24.2 29.20 12.10  0.00   0.6  3.10
  2022   8   3 24.75 32.00 16.60  0.00  0.64  2.50
  2022   8   4 16.73 28.70 17.60  2.80  0.67  2.30
  2022   8   5 18.89 23.40 10.10  0.00  0.67  2.70
  2022   8   6 19.18 23.00  8.90  0.00  0.62  1.90
  2022   8   7 24.57 25.00 10.00  0.00  0.59  2.00
  2022   8   8 22.63 25.20 12.00  0.00  0.64  2.60
  2022   8   9 25.14 27.10 13.60  0.00   0.6  3.30
  2022   8  10 24.99 30.80 14.60  0.00  0.51  3.00
  2022   8  11 24.69 32.00 14.70  0.00  0.43  2.90
  2022   8  12 24.21 32.70 14.50  0.00  0.41  2.90
  2022   8  13 24.53 32.00 15.30  0.00  0.42  2.40
  2022   8  14 21.99 32.60 16.00  0.00  0.49  2.50
  2022   8  15 10.91 27.20 18.90  0.00  0.64  3.00
  2022   8  16 19.92 30.20 15.60  0.00  0.61  2.70
  2022   8  17  6.73 23.80 15.90  0.60  0.86  1.90
  2022   8  18 14.06 26.40 15.80  0.00  0.77  1.40
  2022   8  19 16.18 25.60 13.80  1.60  0.85  2.50
  2022   8  20 18.24 25.30 12.70  1.80  0.74  2.40
  2022   8  21 19.95 25.50 10.10  0.00   0.7  2.50
  2022   8  22 16.16 26.50 14.20  0.00  0.62  1.60
  2022   8  23 20.31 30.00 14.50  0.00  0.61  1.80
  2022   8  24 19.83 31.90 15.70  0.00  0.61  1.50
  2022   8  25 20.02 33.50 17.30  0.00  0.52  2.20
  2022   8  26  5.96 22.20 16.80  0.00  0.75  3.00
  2022   8  27 12.04 22.40 14.10  0.00  0.64  2.70
  2022   8  28 18.93 23.70 12.20  0.00  0.62  2.80
  2022   8  29 17.67 23.60  9.40  0.00  0.65  2.10
  2022   8  30 17.52 25.60 14.30  0.00  0.61  4.00
  2022   8  31 18.48 25.30 14.20  0.00  0.55  4.60
  2022   9   1 20.29 26.00 12.20  0.00  0.48  3.80
  2022   9   2 17.06 27.40 11.60  0.00  0.47  3.70
  2022   9   3 19.74 27.60 12.60  0.00  0.52  2.80
  2022   9   4 16.01 28.30 13.30  0.00  0.65  1.80
  2022   9   5 18.26 31.50 13.00  0.00  0.52  2.00
  2022   9   6 18.44 28.90 15.00  2.80  0.66  2.70
  2022   9   7 14.89 26.10 14.30  1.50  0.73  2.60
  2022   9   8 12.05 22.80 13.50  4.10  0.82  3.60
  2022   9   9  8.07 18.90 13.00  8.40  0.88  4.10
  2022   9  10  7.22 20.60 14.40  8.70  0.89  3.10
  2022   9  11 14.09 21.90 11.00  0.00  0.85  1.10
  2022   9  12 16.54 24.70 10.60  0.00  0.76  1.80
  2022   9  13 10.95 24.80 16.00  0.00  0.73  2.00
  2022   9  14  3.48 16.40 11.20  6.10   0.9  1.80
  2022   9  15  9.33 20.20 11.70  0.30  0.78  2.60
  2022   9  16 13.42 16.50 10.10  3.80  0.81  3.50
  2022   9  17 14.26 17.50  9.60  1.00  0.76  3.60
  2022   9  18   4.5 14.10  8.80  6.30  0.91  3.50
  2022   9  19 10.12 16.60  8.20  4.70  0.82  2.60
  2022   9  20 11.34 17.30  7.90  0.00  0.78  2.00
  2022   9  21 15.84 17.70  5.00  0.00  0.76  1.00
  2022   9  22 15.51 19.00  5.50  0.00  0.74  1.30
  2022   9  23  8.08 18.30  6.70  1.20  0.79  1.90
  2022   9  24  2.71 14.70 11.60  3.20  0.92  2.50
  2022   9  25 13.19 17.80  7.90  0.00  0.79  2.00
  2022   9  26  2.75 12.20  9.50  9.60  0.89  5.30
  2022   9  27  5.76 11.30  7.30  5.00   0.9  4.10
  2022   9  28  9.27 15.50  4.70  5.10   0.9  2.50
  2022   9  29 13.15 16.00  2.60  0.00  0.86  1.00
  2022   9  30 12.57 17.20  2.50  1.30  0.77  3.80
  2022  10   1  9.99 18.00 10.20  4.40  0.82  6.00
  2022  10   2  9.16 18.50  6.60  0.30  0.82  3.10
  2022  10   3  9.82 17.70  5.90  0.00  0.85  1.50
  2022  10   4 12.69 19.00  7.80  0.00  0.78  3.40
  2022  10   5  7.62 21.20 13.40  0.00  0.74  6.50
  2022  10   6 12.88 17.50  7.50  0.00  0.73  4.00
  2022  10   7 11.68 18.30  6.40  0.00  0.75  4.00
  2022  10   8 10.04 16.60  5.00  0.50  0.78  3.50
  2022  10   9 12.47 17.10  2.20  0.00  0.74  2.40
  2022  10  10  8.28 18.40  4.60  0.30  0.85  2.50
  2022  10  11 10.24 16.50  1.60  0.00  0.83  1.00
  2022  10  12  8.82 15.40  3.60  0.00  0.82  1.50
  2022  10  13   2.5 14.00 10.50  1.90   0.9  2.70
  2022  10  14  2.94 15.80  9.70  2.00  0.96  2.20
  2022  10  15  4.76 18.60  9.10  0.30  0.89  3.30
  2022  10  16  9.58 18.70 11.70  0.60  0.83  3.30
  2022  10  17  1.71 17.50 13.20  4.90  0.94  2.90
  2022  10  18  9.98 18.60  5.60  0.00  0.86  1.30
  2022  10  19  9.85 14.70  4.10  0.00  0.84  4.30
  2022  10  20  4.08 16.60  8.20  3.80   0.9  3.50
  2022  10  21  5.58 19.80 10.50  0.10  0.88  2.80
  2022  10  22  5.88 18.40 10.70  0.00  0.88  3.00
  2022  10  23   4.2 18.90 10.40  0.70  0.85  3.50
  2022  10  24  7.57 19.40 12.60  0.00  0.75  6.90
  2022  10  25  5.67 16.80  8.90  0.00  0.86  4.00
  2022  10  26  7.92 20.30 10.40  0.00  0.83  3.30
  2022  10  27  5.82 20.40 11.60  0.00   0.8  2.60
  2022  10  28   5.9 22.50 11.60  0.00  0.83  2.60
  2022  10  29  6.13 23.20 11.90  0.00  0.82  2.10
  2022  10  30  6.26 20.80  9.80  0.00  0.83  1.80
  2022  10  31  5.35 17.50  7.40  0.00  0.87  2.50
  2022  11   1  7.33 17.30 13.20  0.00  0.66  6.80
  2022  11   2   7.2 15.20 11.00  0.00  0.68  6.80
  2022  11   3  3.06 15.60 10.20  3.50   0.8  5.00
  2022  11   4  5.31 13.10  4.70  1.60  0.88  2.50
  2022  11   5  5.43 11.50  2.20  0.50  0.85  4.20
  2022  11   6  3.19 12.50  8.30  3.70  0.81  6.00
  2022  11   7  3.17 15.30 10.40  0.00  0.81  6.20
  2022  11   8  3.68 15.90 10.50  0.00  0.74  5.30
  2022  11   9  5.07 15.10  9.00  0.00   0.8  6.10
  2022  11  10  6.22 15.00  7.70  0.00  0.83  4.70
  2022  11  11  4.84 13.40  3.60  0.00  0.87  3.30
  2022  11  12  6.11 14.50  1.20  0.00  0.89  1.20
  2022  11  13  6.53 15.30  2.90  0.00  0.75  2.40
  2022  11  14  3.72  8.50  0.10  0.00  0.88  2.90
  2022  11  15  4.14 12.60  7.70  5.00  0.86  3.80
  2022  11  16  5.04 12.60  7.90  9.50  0.86  4.00
  2022  11  17  2.29 12.00  7.70  7.60  0.83  6.00
  2022  11  18  3.45 10.90  4.50  2.20   0.9  3.10
  2022  11  19  1.43  4.50 -3.90  0.00   0.8  4.40
  2022  11  20  1.62  6.30 -7.20  3.90  0.94  1.90
  2022  11  21  3.73  8.70  2.80  2.40   0.9  2.80
  2022  11  22   1.8  8.40  4.20  0.90  0.88  4.60
  2022  11  23  4.08 10.80  7.20  2.80  0.84  5.10
  2022  11  24  4.67 11.50  7.30  0.30  0.83  4.40
  2022  11  25  4.39 12.00  3.10  1.00  0.89  3.70
  2022  11  26  3.14 10.10  1.70  0.00  0.91  3.40
  2022  11  27  0.99  7.90  4.30  5.10  0.86  3.60
  2022  11  28  0.73  9.30  5.70  4.70  0.95  2.50
  2022  11  29  1.17  7.90  5.00  0.10  0.98  1.50
  2022  11  30  2.65  8.20  3.60  0.00  0.91  1.70
  2022  12   1  2.18  7.00  4.50  0.00  0.86  2.50
  2022  12   2  0.94  4.50  1.80  0.00  0.83  5.10
  2022  12   3  0.77  2.00  0.40  0.00  0.83  5.00
  2022  12   4  0.54  2.50  0.40  0.00  0.86  4.70
  2022  12   5  0.72  4.90  2.50  2.40  0.95  1.90
  2022  12   6   3.5  7.10  3.10  0.40   0.9  2.10
  2022  12   7  2.84  6.50  1.20  1.00  0.92  2.70
  2022  12   8  1.17  3.90 -0.30  3.20  0.94  2.70
  2022  12   9  1.63  1.80 -4.20  0.00  0.92  1.40
  2022  12  10  0.81  0.00 -4.70  0.00  0.98  2.80
  2022  12  11   0.9  1.30 -0.20  0.00  0.89  2.30
  2022  12  12  4.91  2.10 -6.50  0.00   0.9  1.20
  2022  12  13  3.85 -0.40 -7.50  0.00  0.88  2.30
  2022  12  14  4.21  1.00 -9.10  0.00  0.79  1.80
  2022  12  15  4.53  1.20 -8.90  0.00  0.85  2.00
  2022  12  16  2.02  0.50 -2.70  0.20  0.95  1.10
  2022  12  17  1.59 -0.30 -6.80  0.00  0.92  2.50
  2022  12  18  1.84  0.60 -8.80  1.90  0.82  3.20
  2022  12  19  0.89 11.50  0.40  3.70  0.84  5.50
  2022  12  20  0.73 12.00  9.10  6.60  0.88  5.00
  2022  12  21  1.78  9.20  6.90  1.80  0.94  3.50
  2022  12  22  2.25 10.40  7.90  5.40  0.95  3.70
  2022  12  23  0.58 12.10  9.10  6.70  0.94  4.40
  2022  12  24  2.21 11.30  6.40  0.10  0.89  4.30
  2022  12  25  0.54  9.60  7.20  6.30  0.97  2.20
  2022  12  26  2.01 10.60  1.50  1.80  0.86  5.10
  2022  12  27  2.87  7.10  2.20  0.00  0.87  5.50
  2022  12  28  0.79 11.20  6.10  3.40  0.88  8.00
  2022  12  29  1.75 11.70  5.80  1.30  0.81  9.00
  2022  12  30  1.02 13.60  4.30  4.50  0.88  6.20
  2022  12  31  0.89 16.50 11.60  4.20  0.77  8.30
  2023   1   1  1.77 16.60 10.50  7.60  0.79  5.90
  2023   1   2  1.35 12.90  3.30  3.20   0.9  4.80
  2023   1   3  1.48  9.10  1.90  0.50  0.89  4.50
  2023   1   4  0.89 12.90  8.50  6.20  0.87  9.30
  2023   1   5   2.3 11.90  9.20  0.60  0.86  5.20
  2023   1   6  3.73 12.90  9.80  1.30  0.86  5.80
  2023   1   7  3.21 12.00  9.50  0.70  0.78  5.80
  2023   1   8  2.94 10.20  6.50  2.70  0.82  5.40
  2023   1   9  2.17  8.40  3.10  3.10  0.89  5.30
  2023   1  10  1.84 10.00  3.70  5.40  0.89  6.10
  2023   1  11  3.59 11.60  8.20  6.30  0.83  7.40
  2023   1  12  0.91 10.80  8.30  3.30  0.92  0.10
  2023   1  13  1.79  9.30  6.40  0.80  0.79  7.80
  2023   1  14  0.54 11.80  5.30  0.30  0.88  7.20
  2023   1  15  2.96  7.70  4.40  0.40  0.78  8.90
  2023   1  16  1.14  5.80  2.40  8.50   0.9  4.30
  2023   1  17  5.27  4.50 -3.80  4.50  0.86  2.90
  2023   1  18  6.23  4.00 -5.40  0.00  0.84  4.80
  2023   1  19  4.26  4.10 -2.80  4.00  0.94  4.90
  2023   1  20  1.25  2.10 -0.50  0.20  0.92  3.70
  2023   1  21   3.6  2.00 -2.60  0.00  0.91  2.40
  2023   1  22  1.26  1.50 -2.30  0.00   0.9  2.40
  2023   1  23  1.49  3.90  1.30  0.00  0.86  3.50
  2023   1  24  1.38  3.00  0.20  0.00  0.82  3.60
  2023   1  25   1.1  0.20 -2.00  0.00  0.89  1.80
  2023   1  26  3.04  7.10 -1.80  1.10   0.9  2.50
  2023   1  27  2.06  5.10  2.70  0.00   0.8  3.50
  2023   1  28  3.31  3.10 -2.80  0.00  0.79  1.70
  2023   1  29  1.64  4.60 -4.30  0.00  0.83  5.10
  2023   1  30  3.77  8.50  1.20  1.20  0.79  5.30
  2023   1  31  2.16  8.20 -1.00  0.50  0.88  5.30
  2023   2   1  2.48  8.70  4.00  0.00  0.76  6.80
  2023   2   2  1.31  9.00  7.60  1.90  0.85  5.20
  2023   2   3  1.46 10.90  7.30  0.00  0.81  5.20
  2023   2   4  4.69  9.80  5.00  0.50  0.89  1.40
  2023   2   5  3.79  8.60  2.60  1.20  0.84  4.20
  2023   2   6  4.59  7.60 -1.50  0.00  0.93  1.50
  2023   2   7  8.22  5.00 -3.90  0.00  0.87  1.80
  2023   2   8  8.61  7.20 -4.90  0.00  0.61  2.20
  2023   2   9  5.91  5.30 -3.50  0.00  0.72  3.00
  2023   2  10  6.32  8.20 -3.60  0.00  0.88  4.60
  2023   2  11  3.31 10.10  5.30  0.00  0.87  3.50
  2023   2  12  1.94  9.20  5.80  0.00  0.81  1.10
  2023   2  13  8.68 12.00  0.10  0.00  0.89  1.70
  2023   2  14  9.14 12.90 -1.80  0.00  0.87  1.30
  2023   2  15  7.81 13.00 -1.80  0.00  0.81  2.20
  2023   2  16  3.91 11.50  3.10  1.50  0.88  4.50
  2023   2  17  2.18 12.40  9.90  0.00  0.85  6.90
  2023   2  18  2.21 12.30  9.60  5.10   0.9  6.40
  2023   2  19  2.86 10.60  2.60  2.80  0.89  3.90
  2023   2  20  1.72  9.20  4.40  0.00  0.88  6.20
  2023   2  21  1.96  8.60  6.00  0.30  0.94  3.30
  2023   2  22  5.01 11.40  4.40  0.80  0.91  2.60
  2023   2  23  2.56  9.20  1.50  1.70  0.91  1.70
  2023   2  24  3.18  7.70 -0.80  1.70  0.86  3.60
  2023   2  25  8.29  7.30 -1.50  0.40   0.7  3.30
  2023   2  26 11.96  5.50 -1.90  0.00  0.65  3.90
  2023   2  27   9.9  6.20 -3.80  0.00  0.69  2.90
  2023   2  28 12.49  5.80 -2.30  0.00   0.6  3.40
  2023   3   1 12.64  6.60 -3.80  0.00  0.62  3.50
  2023   3   2 12.76  9.40 -1.00  0.00  0.73  3.80
  2023   3   3  7.88  8.10  0.10  0.00  0.78  2.80
  2023   3   4  4.95  8.30  3.50  0.00  0.75  2.60
  2023   3   5  5.55  6.40  2.40  0.50  0.83  2.20
  2023   3   6  7.08  6.60 -0.40  2.90  0.86  4.30
  2023   3   7  3.25  4.60 -2.30  1.00  0.94  3.50
  2023   3   8  3.86  2.40 -2.60  6.20  0.95  3.80
  2023   3   9   2.9  4.60  0.30  3.60  0.95  2.30
  2023   3  10   2.8 10.50  0.20  3.40  0.93  3.00
  2023   3  11 13.39  6.80 -3.50  0.00  0.65  1.60
  2023   3  12  4.49 11.80  2.40  0.70   0.8  4.80
  2023   3  13 10.79 18.20  9.20  2.10  0.74  9.00
  2023   3  14  8.44 11.80  0.20  5.30  0.73  5.60
  2023   3  15 14.17  8.70 -1.10  2.90  0.72  2.50
  2023   3  16 11.07 13.70  3.90  0.20  0.66  4.60
  2023   3  17   9.9 17.30  6.30  0.00  0.62  2.90
  2023   3  18 11.27 16.00 10.30  1.90  0.78  3.50
  2023   3  19  12.3 14.70  6.60  0.10  0.84  3.20
  2023   3  20  5.56 10.20  5.30  0.40  0.84  4.90
  2023   3  21  6.88 15.10  8.60  0.90  0.83  4.50
  2023   3  22  4.43 12.40  8.70  1.80  0.84  6.50
  2023   3  23 10.35 15.60 10.00  2.90  0.78  6.90
  2023   3  24 10.04 13.70  7.90  7.00   0.8  7.50
  2023   3  25  7.64 13.20  6.50  2.90  0.79  7.80
  2023   3  26  4.17  8.90  2.20  0.60  0.85  2.80
  2023   3  27 14.06  7.80 -0.40  0.50  0.77  3.00
  2023   3  28 13.91  9.80 -3.20  0.40  0.73  3.80
  2023   3  29  7.04 15.20  5.60  0.00  0.79  3.90
  2023   3  30 10.92 16.20  9.70  2.90  0.75  6.30
  2023   3  31  6.62 13.80  9.60  6.30  0.88  6.70
  2023   4   1  4.22 10.80  6.80  2.10  0.94  4.90
  2023   4   2 12.52  9.20 -0.30  0.00  0.79  4.40
  2023   4   3 21.18  9.10 -0.30  0.00  0.64  4.90
  2023   4   4 20.33 10.00 -3.10  0.00  0.64  2.00
  2023   4   5 20.86 11.70 -2.50  0.00  0.63  1.50
  2023   4   6  6.29  9.50  1.00  7.80  0.82  3.30
  2023   4   7  4.37  9.90  7.60  0.10  0.88  2.30
  2023   4   8 13.34 13.30  5.80  0.00  0.82  2.00
  2023   4   9 18.15 15.00  4.60  0.00  0.68  2.60
  2023   4  10  9.44 16.70  6.40  4.90   0.7  5.40
  2023   4  11 17.86 14.40  7.70  0.10  0.65  5.90
  2023   4  12  8.58 11.90  5.70  1.20  0.83  4.70
  2023   4  13 14.75 13.70  2.40  2.80  0.74  5.40
  2023   4  14 18.09 15.70  0.90  0.00  0.66  2.40
  2023   4  15 15.54 13.70  3.70  0.20  0.76  4.00
  2023   4  16  8.08 12.60  7.70  0.00   0.9  3.30
  2023   4  17 15.21 15.80  7.60  0.00  0.73  3.50
  2023   4  18 11.93 13.60  5.10  0.00  0.72  5.70
  2023   4  19 23.81 15.00  7.00  0.00  0.51  6.30
  2023   4  20 11.05 12.50  4.30  2.90  0.66  5.60
  2023   4  21 16.81 16.90  5.30  3.80  0.82  3.80
  2023   4  22 10.44 18.40  4.60  4.40  0.89  2.60
  2023   4  23 14.99 17.90  7.40  2.40  0.82  5.10
  2023   4  24  9.03 10.90  2.30  1.60  0.83  5.20
  2023   4  25 16.47 10.60  0.90  0.90  0.72  2.80
  2023   4  26 13.42 10.50 -1.50  0.00  0.72  1.80
  2023   4  27 21.26 13.20  0.20  0.10  0.63  3.10
  2023   4  28  6.13 14.60  7.70  1.80   0.9  3.60
  2023   4  29 10.37 15.40  6.30  0.10  0.77  2.10
  2023   4  30 23.98 17.40  4.10  0.00  0.72  3.00
  2023   5   1 18.75 18.60  9.30  0.00  0.69  2.30
  2023   5   2 20.37 13.20  4.50  0.00  0.66  2.90
  2023   5   3 25.73 15.60  2.20  0.00  0.61  3.50
  2023   5   4 23.67 22.90  5.00  0.00  0.55  4.10
  2023   5   5 11.88 19.30  9.00  2.50  0.81  2.20
  2023   5   6 18.21 20.70  7.50  2.20  0.81  1.70
  2023   5   7 10.44 20.70 12.30  7.00  0.89  1.80
  2023   5   8 17.09 21.50 12.50  0.00  0.85  1.50
  2023   5   9  6.43 16.40 12.10  2.60  0.92  3.00
  2023   5  10  7.57 15.00 10.00  0.50  0.91  2.20
  2023   5  11  8.99 16.00 10.80  1.30  0.88  2.00
  2023   5  12 20.56 21.20 11.00  5.80  0.78  4.30
  2023   5  13 26.79 22.80 10.70  0.00  0.57  3.10
  2023   5  14  20.5 21.40 10.00  0.00   0.7  2.20
  2023   5  15 17.33 16.30  8.90  0.10  0.81  3.20
  2023   5  16 15.53 14.80  6.20  0.00  0.71  2.70
  2023   5  17 26.81 15.10  6.20  0.00  0.66  2.90
  2023   5  18  26.2 15.00  4.90  0.00  0.62  3.00
  2023   5  19 27.48 19.50  6.90  0.00  0.58  3.30
  2023   5  20 23.46 20.10 10.60  0.00   0.6  4.70
  2023   5  21 24.77 23.70 12.10  1.90  0.72  3.00
  2023   5  22 21.73 23.90 13.50  0.00   0.8  2.60
  2023   5  23 19.72 16.50  4.70  0.00   0.7  4.00
  2023   5  24 14.79 16.40  3.60  0.00  0.73  2.30
  2023   5  25  20.6 18.50  6.70  0.00  0.68  3.30
  2023   5  26 29.42 18.90  7.20  0.00  0.61  4.30
  2023   5  27 28.99 22.30  6.90  0.00   0.6  3.10
  2023   5  28 27.26 23.20 10.40  0.00   0.6  3.80
  2023   5  29 25.54 18.80  9.20  0.00  0.59  4.70
  2023   5  30 26.42 20.00  8.00  0.00  0.68  3.80
  2023   5  31 29.57 24.60 10.40  0.00  0.63  3.80
  2023   6   1 28.76 20.00  9.80  0.00  0.69  3.80
  2023   6   2 21.21 19.10 10.00  0.00  0.66  3.20
  2023   6   3 30.35 22.40 10.60  0.00  0.45  4.00
  2023   6   4 29.51 23.70  9.20  0.00   0.5  3.20
  2023   6   5 29.03 24.10 10.20  0.00  0.63  3.60
  2023   6   6 27.86 25.90 10.40  0.00  0.62  3.40
  2023   6   7 17.92 23.60 12.50  0.00  0.63  3.00
  2023   6   8 26.46 26.20 12.00  0.00   0.6  3.90
  2023   6   9 28.27 29.90 13.40  0.00  0.51  4.00
  2023   6  10 28.84 31.00 16.00  0.00  0.47  4.00
  2023   6  11 29.07 31.30 15.90  0.00  0.47  4.10
  2023   6  12  27.9 31.20 14.80  0.00  0.41  3.80
  2023   6  13 30.03 28.20 14.60  0.00  0.39  4.00
  2023   6  14 30.36 25.80 15.20  0.00  0.42  4.40
  2023   6  15 26.38 27.70 11.50  0.00  0.48  2.10
  2023   6  16  29.7 27.90 10.60  0.00  0.44  2.00
  2023   6  17 27.66 28.70  9.90  0.00  0.46  1.50
  2023   6  18 10.06 25.50 15.00  0.00  0.55  2.30
  2023   6  19 25.82 27.70 18.00  0.00  0.58  3.70
  2023   6  20 21.28 31.80 17.50  4.40  0.69  3.00
  2023   6  21 26.47 27.60 15.30  0.00  0.68  2.50
  2023   6  22   5.9 23.50 15.30  1.40  0.85  2.60
  2023   6  23 27.33 26.30 14.40  0.00  0.71  2.00
  2023   6  24  28.9 28.60 13.30  0.00  0.62  1.80
  2023   6  25 29.26 31.90 15.10  0.00  0.57  2.30
  2023   6  26 25.68 23.70 12.70  0.00   0.6  3.90
  2023   6  27 18.86 22.70 12.70  0.90  0.64  2.90
  2023   6  28 11.94 24.10 13.90  0.90  0.79  1.80
  2023   6  29 14.59 25.90 15.40  0.00  0.76  3.20
  2023   6  30 22.66 23.50 11.70  0.00   0.6  2.90
  2023   7   1  8.23 20.40 15.30  3.00  0.81  5.20
  2023   7   2 20.58 21.90 13.60  0.00  0.59  4.30
  2023   7   3 12.18 21.00 12.80  1.00  0.63  6.00
  2023   7   4 18.64 22.50 11.50  5.20  0.71  4.10
  2023   7   5 17.68 21.20 11.70  1.10  0.72  7.10
  2023   7   6 23.48 23.20 10.70  0.00  0.71  3.00
  2023   7   7 29.82 29.30 10.00  0.00  0.51  2.50
  2023   7   8 26.69 34.40 15.40  0.00  0.53  2.50
  2023   7   9 18.21 34.20 18.20  1.10  0.71  2.00
  2023   7  10  25.8 27.20 15.60  0.00  0.62  2.60
  2023   7  11 26.14 31.40 15.80  1.00  0.59  3.70
  2023   7  12  16.9 23.70 12.50  1.70  0.71  4.70
  2023   7  13 16.39 23.10 12.10  3.30  0.77  3.90
  2023   7  14 19.51 26.20 13.20  0.00  0.66  2.60
  2023   7  15 15.25 28.00 16.30  5.20  0.68  4.20
  2023   7  16  18.6 23.20 15.00  0.10  0.66  6.00
  2023   7  17 21.85 23.20 12.10  0.40  0.66  4.40
  2023   7  18 27.05 25.20 10.70  0.00  0.62  2.20
  2023   7  19  15.6 24.40 12.70  0.00  0.71  2.60
  2023   7  20 16.59 22.70 11.10  1.60  0.78  1.30
  2023   7  21 15.66 22.20  9.00  4.70  0.77  2.20
  2023   7  22 13.51 22.50 11.10  0.90  0.73  3.80
  2023   7  23 10.12 22.90 14.70  7.00  0.86  5.60
  2023   7  24 12.18 21.30 11.90  5.70  0.87  3.50
  2023   7  25 20.69 20.50  9.30  0.00  0.72  2.50
  2023   7  26 22.17 22.40  9.20  1.30  0.71  2.60
  2023   7  27  6.52 19.10 13.80  4.10  0.95  5.20
  2023   7  28 11.22 25.10 15.60  0.00  0.86  3.20
  2023   7  29 18.09 23.90 12.90  0.40  0.82  3.80
  2023   7  30 15.07 22.50 12.20  4.90  0.81  5.50
  2023   7  31  4.79 19.00 15.80  7.60  0.93  6.50
  2023   8   1 17.65 21.70 12.70  5.60   0.8  5.00
  2023   8   2 12.18 23.90 14.30  0.20  0.85  5.60
  2023   8   3 10.92 21.40 14.20  5.80  0.88  5.70
  2023   8   4 16.14 21.60 12.80  0.20   0.8  2.20
  2023   8   5  10.8 20.50 12.00  1.40  0.85  3.10
  2023   8   6  5.45 16.30 12.90  9.30  0.92  3.30
  2023   8   7 16.42 19.70 12.10  0.90  0.76  4.50
  2023   8   8  17.2 21.10 12.30  2.70  0.79  4.50
  2023   8   9 21.87 22.60  9.80  0.00  0.75  2.40
  2023   8  10 21.89 24.20 11.90  0.00  0.71  1.30
  2023   8  11 20.75 28.70 13.80  0.10  0.75  2.10
  2023   8  12 14.05 24.20 14.80  6.20  0.82  3.00
  2023   8  13  17.0 25.10 13.00  0.00  0.79  2.40
  2023   8  14 23.13 26.90 12.00  0.00  0.73  1.80
  2023   8  15 16.91 25.60 15.10  0.00  0.77  2.50
  2023   8  16 15.44 23.50 16.40  0.00  0.73  2.90
  2023   8  17   7.5 19.60 15.70  0.00  0.85  3.40
  2023   8  18 15.71 26.50 16.20  0.00  0.87  2.80
  2023   8  19  8.69 27.30 15.70  0.10  0.83  2.10
  2023   8  20 22.94 27.40 13.80  0.00   0.7  1.60
  2023   8  21  19.7 26.80 15.30  0.00   0.7  1.30
  2023   8  22 15.31 24.70 13.60  0.00  0.77  2.30
  2023   8  23 21.96 26.70 12.00  0.00  0.72  1.70
  2023   8  24 10.53 25.90 14.90  2.20  0.82  2.70
  2023   8  25  6.41 23.10 15.70  3.60  0.94  2.30
  2023   8  26 16.91 22.40 12.20  0.00  0.78  4.10
  2023   8  27 15.58 20.20  9.90  8.10  0.86  3.40
  2023   8  28 12.28 21.10  9.00  0.00  0.85  1.80
  2023   8  29 15.02 21.30  9.60  0.00  0.84  1.50
  2023   8  30 11.66 19.50  9.20  5.50  0.84  3.00
  2023   8  31 13.66 20.50  8.60  1.80  0.83  3.40
  2023   9   1  7.32 21.60 11.60  5.20  0.91  1.70
  2023   9   2  9.73 22.40 13.90  0.00  0.92  1.40
  2023   9   3 17.75 23.20 11.00  0.00   0.8  1.30
  2023   9   4 19.43 25.70 10.70  0.00  0.74  2.90
  2023   9   5 20.08 29.80 12.40  0.00  0.62  3.30
  2023   9   6 19.87 30.50 14.60  0.00  0.66  2.10
  2023   9   7 19.59 30.00 14.50  0.00   0.7  2.80
  2023   9   8 18.53 30.70 14.30  0.00  0.74  1.30
  2023   9   9 17.02 29.10 14.90  0.00   0.8  0.90
  2023   9  10 16.95 31.70 17.00  0.00  0.72  1.70
  2023   9  11 15.74 29.00 17.70  8.90  0.75  2.00
  2023   9  12 15.04 25.60 16.10  2.10  0.85  1.30
  2023   9  13 11.15 20.30 10.90  0.60  0.86  2.60
  2023   9  14 13.75 20.80  9.20  0.00   0.8  1.40
  2023   9  15 16.53 23.00  9.30  0.00  0.78  2.30
  2023   9  16 14.21 24.90 12.20  0.30  0.78  2.00
  2023   9  17  6.84 23.10 14.80  7.30  0.92  2.70
  2023   9  18 10.45 23.90 14.70  8.90  0.81  6.00
  2023   9  19 11.85 20.50 12.90  0.00  0.72  8.10
  2023   9  20 10.19 21.60 15.50  0.00  0.73  5.70
  2023   9  21   2.6 19.50 13.60  8.00  0.87  3.50
  2023   9  22  10.3 18.50  9.60  9.10  0.86  4.20
  2023   9  23 11.02 17.70  8.00  3.00  0.91  4.00
  2023   9  24  15.8 20.00  6.90  0.00  0.76  3.00
  2023   9  25 13.83 22.00 11.00  0.00  0.73  2.30
  2023   9  26 10.28 22.00  9.60  0.00   0.8  1.40
  2023   9  27  11.7 23.20 10.00  0.00  0.78  2.10
  2023   9  28 11.43 20.80 13.40  0.00  0.82  2.50
  2023   9  29   6.4 22.30  9.20  1.00  0.84  3.80
  2023   9  30 10.96 19.30  9.00  0.00  0.83  2.50
  2023  10   1 12.51 23.80 10.70  0.00  0.78  2.90
  2023  10   2  9.11 24.40 13.30  0.00  0.83  1.90
  2023  10   3   5.0 19.90 11.40  4.80  0.83  4.70
  2023  10   4   8.7 16.60  9.90  0.00  0.84  4.80
  2023  10   5  9.32 18.60 10.30  0.00  0.84  3.90
  2023  10   6 11.62 19.90 10.40  0.00  0.81  5.00
  2023  10   7 11.52 22.30 13.10  0.00  0.78  5.20
  2023  10   8  5.69 17.50  8.70  0.00   0.9  2.60
  2023  10   9  6.43 20.90 11.00  0.00  0.88  3.00
  2023  10  10 10.63 22.80 11.50  0.00  0.78  3.50
  2023  10  11  5.95 20.80 13.20  0.00  0.76  5.20
  2023  10  12  2.47 17.40 15.10  8.10  0.94  4.00
  2023  10  13  4.28 23.00 13.50  9.20  0.84  6.40
  2023  10  14  9.55 15.40  3.80  5.80  0.78  3.80
  2023  10  15  8.33 11.30  2.40  5.00  0.88  2.50
  2023  10  16  8.15 13.10  2.70  0.00  0.86  1.70
  2023  10  17 10.41 12.90  5.50  0.00  0.84  4.10
  2023  10  18  7.86 13.80  4.90  6.30  0.78  5.50
  2023  10  19  4.75 18.00 11.20  0.60  0.92  3.40
  2023  10  20  1.14 14.40 11.00  1.80  0.96  4.90
  2023  10  21  6.11 16.10 11.00  0.50  0.78  6.00
  2023  10  22  5.49 15.00  7.70  0.80  0.87  4.20
  2023  10  23  5.76 13.90  4.60  6.30  0.93  3.30
  2023  10  24   4.8 13.50  7.70  1.20  0.88  4.40
  2023  10  25  1.26 10.80  7.60  3.30  0.95  2.80
  2023  10  26   4.9 12.50  5.50  0.10  0.95  1.80
  2023  10  27  1.96 12.50  7.90  9.30  0.96  2.30
  2023  10  28  5.45 15.20  9.60  2.90  0.86  4.50
  2023  10  29  4.55 14.90 10.40  3.60   0.8  6.80
  2023  10  30  3.35 14.10  9.80  6.70   0.9  3.50
  2023  10  31  4.11 13.40  9.80  0.80  0.92  4.50
  2023  11   1  3.99 15.40 10.00  1.20  0.86  5.50
  2023  11   2   5.8 15.20  8.20  3.50  0.73  9.80
  2023  11   3  5.42 12.00  7.00  1.00  0.78  7.80
  2023  11   4  2.63 10.70  7.70  3.90  0.87  5.30
  2023  11   5  2.15 11.70  9.00  3.80  0.88  6.00
  2023  11   6  3.71 12.10  7.80  0.50  0.85  6.60
  2023  11   7  5.12 11.60  7.50  0.00  0.85  5.50
  2023  11   8  3.88 11.50  6.10  7.50  0.87  6.60
  2023  11   9  4.76 11.60  6.70  4.10  0.87  5.80
  2023  11  10   1.4  8.80  6.20  3.50  0.89  4.80
  2023  11  11  4.73 10.60  3.00  1.40  0.88  3.90
  2023  11  12  4.83  8.60  2.20  0.00  0.95  2.00
  2023  11  13  0.97 15.20  4.80  0.60  0.88  5.80
  2023  11  14  2.55 13.20  9.30  8.30   0.9  7.00
  2023  11  15  3.23 12.00  8.10  1.80  0.87  5.60
  2023  11  16  1.35  8.80  2.20  0.30  0.92  2.70
  2023  11  17  4.51  9.90  2.00  0.00  0.94  1.10
  2023  11  18   0.8 13.30  2.60  0.30  0.97  4.30
  2023  11  19  2.88 13.70 10.80  5.70  0.87  7.80
  2023  11  20  3.84 12.50  3.70  0.00  0.91  4.50
  2023  11  21  1.36 10.10  3.10  1.00  0.96  2.20
  2023  11  22  3.42  6.90 -1.70  0.00  0.93  3.10
  2023  11  23   1.4 12.50  6.80  1.70  0.88  6.10
  2023  11  24  2.74 10.00  2.70  3.20  0.81  4.00
  2023  11  25  3.69  8.00 -0.50  0.40  0.86  3.10
  2023  11  26  1.65  7.10 -1.20  1.90  0.94  3.30
  2023  11  27  0.55  5.20  0.70  1.30  0.95  3.90
  2023  11  28  4.17  3.80 -1.80  0.10   0.8  3.80
  2023  11  29  2.94  5.00 -2.60  6.10  0.93  3.60
  2023  11  30  1.82  2.00 -3.00  0.00  0.96  1.30
  2023  12   1   1.3  0.30 -2.90  0.00  0.84  2.70
  2023  12   2  3.71  1.40 -3.90  0.00  0.85  2.60
  2023  12   3  3.23  3.40 -1.60  2.40  0.87  4.10
  2023  12   4  1.26  2.70  0.20  7.10  0.86  4.30
  2023  12   5  0.82  3.60  1.20  2.40  0.97  2.60
  2023  12   6   2.3  6.80 -2.10  0.00  0.92  2.20
  2023  12   7  2.48  3.70 -3.70  0.00  0.93  3.20
  2023  12   8  0.86  8.10  2.00  2.30  0.95  3.80
  2023  12   9   1.0 11.20  6.00  6.80  0.89  5.90
  2023  12  10  2.08 11.30  8.20  2.70  0.78  8.60
  2023  12  11  1.58 10.50  4.80  1.00  0.88  6.30
  2023  12  12  2.92 11.70  4.20  4.00  0.94  2.90
  2023  12  13   1.8  9.80  6.50  4.70  0.96  2.30
  2023  12  14  1.24  6.50  4.00  0.00   0.9  2.40
  2023  12  15   1.4  9.30  5.90  0.00  0.88  3.20
  2023  12  16  1.27  9.10  4.70  0.40   0.9  5.00
  2023  12  17  2.36  9.40  2.60  0.30   0.9  4.80
  2023  12  18  1.39  6.80  3.80  0.00  0.91  5.90
  2023  12  19  0.37  8.30  5.20  1.70  0.96  5.80
  2023  12  20  0.79  9.10  4.40  1.60  0.91  6.00
  2023  12  21  1.31 12.30  4.80  7.80  0.86  7.50
  2023  12  22  1.13 10.80  6.00  8.60  0.81  6.20
  2023  12  23  1.07 11.20  7.10  2.70   0.8  7.80
  2023  12  24   0.5 13.40  9.50  1.30  0.93  8.80
  2023  12  25  0.74 13.00  9.80  2.30  0.94  6.40
  2023  12  26  2.15 10.90  2.90  3.40  0.82  4.90
  2023  12  27   1.1 10.50  2.00  4.10  0.85  4.70
  2023  12  28  1.88 11.20  9.90  0.00  0.74  9.60
  2023  12  29  1.26 11.10  8.40  4.40  0.84  8.60
  2023  12  30  2.44 10.10  5.70  0.00  0.85  5.40
  2023  12  31  1.98 10.30  7.70  1.10  0.77  7.00
  2024   1   1  2.47  8.80  6.20  1.80  0.84  7.80
  2024   1   2  0.78 12.30  7.00  7.80  0.89  8.80
  2024   1   3  1.62 11.90  7.80  8.30  0.85  8.30
  2024   1   4  1.58  9.10  4.70  0.90  0.92  3.70
  2024   1   5  0.77  8.80  4.30  2.00   0.9  5.50
  2024   1   6  0.62  6.60  1.30  0.00  0.88  3.00
  2024   1   7  1.97  1.30 -2.30  0.00   0.8  4.80
  2024   1   8  2.97 -0.40 -4.40  0.00  0.65  6.60
  2024   1   9  4.97 -0.20 -6.10  0.00  0.58  6.10
  2024   1  10  4.55  0.40 -7.70  0.00  0.63  3.70
  2024   1  11  4.31 -0.10 -8.20  0.00  0.85  1.80
  2024   1  12  1.35  3.50 -0.40  0.00  0.94  1.50
  2024   1  13  0.48  3.60  1.70  0.00  0.94  4.40
  2024   1  14  0.76  1.90  0.20  3.60  0.96  5.70
  2024   1  15  2.54  2.00 -0.80  4.70  0.94  4.30
  2024   1  16  4.69  1.90 -3.30  0.10  0.84  4.40
  2024   1  17  1.78 -0.80 -4.20  0.00  0.83  1.80
  2024   1  18  6.22  4.00 -7.10  0.00  0.88  1.90
  2024   1  19  5.38  3.70 -5.90  0.60  0.91  4.30
  2024   1  20  4.01  1.80 -2.40  0.00  0.82  4.60
  2024   1  21  1.99  8.70 -2.60  0.00  0.72  7.30
  2024   1  22  2.46 11.30  7.60  7.90   0.8  9.30
  2024   1  23  3.67 13.20  4.40  1.90  0.83  7.80
  2024   1  24  3.04 13.70  7.80  1.60  0.74  8.30
  2024   1  25  2.72  9.80  1.00  2.70  0.95  3.20
  2024   1  26  3.47 11.50 -0.60  3.60  0.83  5.30
  2024   1  27  5.81  8.00 -2.10  0.00  0.85  2.80
  2024   1  28  6.29  9.70 -2.80  0.00  0.75  2.40
  2024   1  29  5.31 11.50  2.10  0.00  0.79  2.60
  2024   1  30  2.54 12.60  6.30  0.70  0.85  4.00
  2024   1  31  1.59  8.00  4.90  0.20  0.84  4.20
  2024   2   1  6.06  9.20  2.10  3.50  0.85  3.20
  2024   2   2   1.9 10.20  4.20  0.00  0.89  6.40
  2024   2   3  1.31 10.80  9.10  4.20  0.95  5.20
  2024   2   4  1.29 11.90 10.00  5.10   0.9  6.30
  2024   2   5  4.51 11.70  8.10  0.30  0.81  8.60
  2024   2   6  1.51 12.20  8.80  6.10  0.84  9.90
  2024   2   7  3.49 10.50 -0.50  7.70   0.9  1.90
  2024   2   8  1.31 10.40 -0.10  5.80  0.96  3.10
  2024   2   9  2.64 13.00  9.70  4.70  0.86  4.50
  2024   2  10  3.69 12.60  9.00  0.80   0.9  2.70
  2024   2  11  2.15 10.60  4.30  2.30  0.92  3.00
  2024   2  12  4.42 10.40  1.00  0.80  0.89  3.30
  2024   2  13  6.39 10.30  0.80  0.50  0.83  4.70
  2024   2  14  1.49 12.50  7.90  4.10  0.95  6.50
  2024   2  15   3.2 16.20 10.90  3.20  0.85  3.50
  2024   2  16  1.82 13.90  7.50  0.80  0.87  3.60
  2024   2  17  3.89 12.30  7.80  0.00  0.88  2.90
  2024   2  18   1.4 11.20  8.30  9.30  0.89  5.90
  2024   2  19  2.72 10.80  5.70  1.20  0.89  3.80
  2024   2  20  5.83 11.90  3.10  0.00  0.87  5.00
  2024   2  21  3.19 11.00  8.10  4.60  0.86  6.30
  2024   2  22  2.78 13.40  3.50  4.90   0.9  7.20
  2024   2  23  3.03  8.20  3.90  0.20  0.78  6.90
  2024   2  24  4.68  6.80  3.90  0.70  0.81  4.60
  2024   2  25  6.17 10.30  3.30  1.10  0.83  4.00
  2024   2  26  1.56  6.00  4.40  1.80  0.88  5.30
  2024   2  27  9.14  6.30 -1.90  0.00   0.9  2.40
  2024   2  28  5.99  8.50 -2.20  0.00   0.9  3.00
  2024   2  29  2.98  9.60  5.00  2.70  0.85  4.30
  2024   3   1  7.35 10.20  5.00  0.00  0.74  5.40
  2024   3   2 11.69 13.70  5.80  0.00  0.67  4.80
  2024   3   3  9.27 16.00  7.70  0.00  0.74  2.80
  2024   3   4 12.21 12.30  3.50  0.00  0.79  2.40
  2024   3   5  2.87  9.00  2.20  0.30   0.9  1.50
  2024   3   6  9.54 11.50  0.20  0.00  0.89  1.70
  2024   3   7 10.66  9.50  0.90  0.00  0.82  4.80
  2024   3   8 13.66 10.60 -0.60  0.00  0.71  5.30
  2024   3   9  9.91 14.30  2.20  0.00   0.7  4.60
  2024   3  10  9.44 14.30  5.50  0.00  0.71  4.40
  2024   3  11  1.31  7.70  6.50  8.20  0.96  1.30
  2024   3  12   6.2 11.00  6.60  4.20  0.91  4.10
  2024   3  13  2.94 13.00  8.10  3.30   0.9  4.00
  2024   3  14 13.68 17.40  7.80  0.00  0.76  3.70
  2024   3  15  6.03 15.20  9.30  0.70  0.85  5.30
  2024   3  16  7.43 11.00  3.30  1.90   0.8  2.80
  2024   3  17  8.08 14.50  2.30  1.50  0.82  2.80
  2024   3  18  7.12 15.50  5.60  0.00  0.84  2.00
  2024   3  19  9.56 17.20  5.10  0.00  0.81  2.10
  2024   3  20 12.46 18.60  5.20  0.00  0.84  1.00
  2024   3  21  8.79 11.90  7.80  0.00  0.84  3.00
  2024   3  22  3.26 11.60  5.90  6.60  0.91  3.60
  2024   3  23 10.68  9.50  2.10  1.50  0.84  5.10
  2024   3  24  9.39  9.10  3.40  6.70  0.84  6.00
  2024   3  25 16.79 12.10 -0.90  0.00  0.75  2.80
  2024   3  26  8.15 12.80  3.30  0.00  0.71  3.50
  2024   3  27  5.14 10.60  6.30  1.40  0.81  3.70
  2024   3  28   8.4 12.70  5.50  3.80  0.71  5.70
  2024   3  29 11.43 15.90  6.90  1.80  0.75  4.20
  2024   3  30  6.92 14.70  5.60  0.60  0.89  2.90
  2024   3  31 10.14 16.80  6.50  3.60  0.87  3.10
  2024   4   1  7.51 13.80  5.80  0.30  0.82  3.30
  2024   4   2  6.87 11.70  5.80  3.40  0.87  5.10
  2024   4   3  6.43 15.00  8.70  4.60  0.85  5.30
  2024   4   4  8.62 16.20  8.60  5.50  0.82  6.00
  2024   4   5  8.24 18.70 10.50  1.00   0.8  5.20
  2024   4   6 16.08 24.70 12.60  0.00  0.62  4.30
  2024   4   7 15.64 21.60 12.80  2.10  0.64  5.40
  2024   4   8  13.5 19.70 11.70  4.00  0.84  2.60
  2024   4   9 10.94 14.40  8.30  1.80  0.76  7.40
  2024   4  10 20.13 15.30  6.80  0.00  0.65  4.30
  2024   4  11   4.8 14.30 10.50  0.70  0.83  4.30
  2024   4  12 12.16 20.90 12.80  0.00  0.78  4.70
  2024   4  13  18.6 23.60  9.70  0.00  0.71  4.70
  2024   4  14 16.87 15.60  9.20  0.00  0.64  2.80
  2024   4  15  9.12 12.40  3.90  8.40  0.79  6.00
  2024   4  16 11.48 12.20  3.90  1.60  0.83  4.80
  2024   4  17 12.83 10.50  3.30  1.40  0.82  2.10
  2024   4  18 17.22 12.70  2.90  0.40  0.73  3.10
  2024   4  19 11.05 12.10  5.10  0.50  0.84  5.30
  2024   4  20 14.96 11.00  4.50  4.50  0.82  3.30
  2024   4  21 16.74 11.20  2.30  0.10  0.75  3.40
  2024   4  22 16.05 10.30  0.50  2.10  0.71  2.30
  2024   4  23 19.74 11.00  0.50  0.90   0.7  2.30
  2024   4  24 15.64 10.20  3.60  3.40  0.79  3.50
  2024   4  25 11.59 11.00  1.80  0.90  0.76  4.30
  2024   4  26 15.76 13.00  5.80  2.70  0.79  2.00
  2024   4  27 12.67 17.60  5.50  1.00  0.77  3.30
  2024   4  28 12.36 17.50  7.20  0.50  0.68  5.60
  2024   4  29 20.74 20.30  5.20  0.00  0.69  2.40
  2024   4  30 20.57 23.00 12.20  0.80  0.71  2.20
  2024   5   1 23.45 26.60 14.00  0.00  0.66  2.80
  2024   5   2 20.18 26.80 13.20  5.50  0.74  3.70
  2024   5   3  6.46 13.90  6.10  4.80   0.9  4.40
  2024   5   4 14.14 18.00  6.00  9.10  0.83  2.20
  2024   5   5 18.17 17.80  9.70  1.50  0.78  2.30
  2024   5   6  10.0 17.40  9.50  0.40   0.8  2.60
  2024   5   7 24.38 20.20 10.70  0.50  0.72  2.90
  2024   5   8 12.49 16.30  8.00  0.00  0.81  1.80
  2024   5   9 19.96 20.00  6.20  0.00  0.76  1.40
  2024   5  10 24.32 21.50  7.90  0.00  0.69  1.80
  2024   5  11 25.45 23.30 11.00  0.00  0.69  3.60
  2024   5  12  25.9 25.90 10.80  0.00  0.59  3.90
  2024   5  13 22.68 24.60 13.00  0.00  0.72  2.50
  2024   5  14 21.34 27.20 13.90  0.00  0.67  3.60
  2024   5  15  10.9 21.00 12.20  5.80  0.89  1.80
  2024   5  16 14.47 20.90 12.70  1.20  0.85  2.10
  2024   5  17 10.04 19.30 13.40  6.00  0.91  2.40
  2024   5  18 18.91 23.20 12.20  0.00  0.75  1.90
  2024   5  19 15.24 21.20 11.90  3.60  0.86  2.50
  2024   5  20 19.25 21.30 11.50  0.00  0.81  1.50
  2024   5  21 15.29 23.20 11.50  5.80  0.84  2.40
  2024   5  22 13.06 19.70 10.90  1.30  0.82  4.10
  2024   5  23 17.46 20.80 10.40  0.00  0.78  3.00
  2024   5  24  4.73 16.30 10.30  5.80  0.95  1.60
  2024   5  25 11.41 18.40 10.00  7.70   0.9  2.10
  2024   5  26 15.26 22.70  9.20  1.90  0.84  2.70
  2024   5  27 17.61 19.40 11.00  2.90   0.8  2.70
  2024   5  28 19.51 19.60  8.00  6.90  0.84  4.30
  2024   5  29 16.93 19.00  8.40  0.30  0.83  4.30
  2024   5  30 13.13 18.60  7.80  0.50  0.82  2.10
  2024   5  31 17.46 20.30 12.50  3.30  0.82  2.30
  2024   6   1  7.84 18.90 13.70  0.60  0.91  3.10
  2024   6   2 17.24 17.70 12.50  0.00  0.72  3.80
  2024   6   3 12.46 17.20 11.70  0.00  0.74  1.60
  2024   6   4 17.19 22.40 13.70  0.00  0.72  3.40
  2024   6   5 24.97 18.00  6.00  0.00  0.64  3.40
  2024   6   6 17.68 18.40  5.70  0.00  0.64  1.70
  2024   6   7 25.86 20.80  5.70  0.00  0.66  2.40
  2024   6   8  19.8 19.20  7.90  0.00  0.73  3.70
  2024   6   9 27.45 18.50  5.50  0.00  0.68  3.40
  2024   6  10  8.58 15.00  9.00  8.00  0.85  4.80
  2024   6  11 22.83 17.30  7.60  0.20  0.74  3.60
  2024   6  12 18.35 15.80  7.40  0.00  0.75  2.70
  2024   6  13  21.5 19.70  8.20  0.00  0.63  3.10
  2024   6  14  9.78 19.70 12.70  0.70  0.77  4.00
  2024   6  15 16.86 19.40 11.10  4.10  0.72  7.00
  2024   6  16 15.25 18.70 12.30  3.90  0.85  4.50
  2024   6  17 18.13 21.40 12.40  0.00  0.78  2.30
  2024   6  18   4.5 16.80 11.40  9.40  0.97  1.80
  2024   6  19 23.39 21.60 12.20  0.00  0.76  2.60
  2024   6  20  12.3 20.40 10.50  1.00  0.79  2.50
  2024   6  21  6.25 17.80 11.10  4.00  0.91  2.30
  2024   6  22 17.11 21.00 10.90  0.00  0.81  3.30
  2024   6  23 26.47 25.10 11.80  0.00  0.73  2.00
  2024   6  24 27.85 26.30 11.50  0.00  0.68  1.50
  2024   6  25 29.37 28.40 14.70  0.00  0.63  2.80
  2024   6  26 29.16 30.70 15.30  0.00  0.64  1.80
  2024   6  27 25.98 29.90 16.30  0.00  0.65  2.80
  2024   6  28 23.12 22.60 11.50  0.00  0.67  3.60
  2024   6  29 25.46 25.90 10.20  2.20   0.7  1.90
  2024   6  30 15.14 22.60 13.90  9.60  0.82  2.40
  2024   7   1 21.46 20.70 12.20  0.20  0.72  3.00
  2024   7   2 12.37 18.10 11.30  6.10   0.8  2.90
  2024   7   3 10.67 17.30  8.70  9.00  0.84  3.20
  2024   7   4 23.01 19.60 12.20  2.60   0.7  4.50
  2024   7   5 11.94 18.70 13.20  0.00   0.8  5.10
  2024   7   6  17.4 21.30 11.80  0.00  0.67  6.70
  2024   7   7 16.04 19.60 10.20  0.00  0.76  3.60
  2024   7   8 17.06 22.20 11.10  0.00  0.72  2.00
  2024   7   9 22.03 30.30 14.30  4.20  0.72  3.50
  2024   7  10 20.49 25.70 14.10  2.60  0.83  3.20
  2024   7  11 25.03 23.10 13.00  0.00  0.73  2.90
  2024   7  12  5.43 15.70 13.20  0.10  0.92  3.30
  2024   7  13 12.52 17.50  9.60  1.90  0.87  4.80
  2024   7  14 22.22 23.20  9.10  0.00  0.75  3.40
  2024   7  15 23.36 26.30 11.30  0.20   0.7  2.20
  2024   7  16 19.02 22.60 15.10  5.40   0.8  5.50
  2024   7  17 17.52 23.70 13.50  0.10   0.8  2.60
  2024   7  18 24.63 27.30 11.90  0.00  0.71  1.40
  2024   7  19 20.67 29.50 16.60  0.00  0.65  2.10
  2024   7  20 24.45 31.20 15.50  1.70  0.72  1.70
  2024   7  21 11.34 23.50 16.00  0.00  0.87  2.50
  2024   7  22 19.34 24.50 13.50  0.00  0.73  3.40
  2024   7  23 15.18 24.20 14.40  4.60  0.85  3.80
  2024   7  24 21.65 22.80 11.90  0.00  0.74  1.70
  2024   7  25 15.55 24.90 12.00  0.10  0.75  2.30
  2024   7  26 16.06 24.70 15.00  0.40  0.78  2.80
  2024   7  27 13.39 22.90 13.40  0.00  0.76  1.40
  2024   7  28 23.62 24.10 12.60  0.00   0.7  2.00
  2024   7  29 27.03 27.10 12.10  0.00  0.66  2.50
  2024   7  30 25.27 30.50 16.10  0.00  0.62  1.50
  2024   7  31  13.1 26.30 17.40  0.00  0.76  1.50
  2024   8   1   7.6 21.50 15.00  2.40  0.92  1.80
  2024   8   2 19.55 25.80 14.50  0.00  0.81  1.00
  2024   8   3 14.85 25.00 15.90  3.70  0.86  3.50
  2024   8   4 14.78 21.20 15.80  1.00  0.77  1.60
  2024   8   5 25.42 25.40 15.10  0.00   0.7  2.00
  2024   8   6 23.45 29.90 13.40  0.00  0.68  1.80
  2024   8   7 12.52 23.50 15.20  2.50  0.77  2.30
  2024   8   8 23.49 24.30 15.50  0.00  0.68  3.60
  2024   8   9 10.43 24.20 13.40  1.40   0.8  4.50
  2024   8  10 23.19 25.90 13.30  0.00  0.71  3.50
  2024   8  11 24.49 27.70 15.50  0.00  0.65  2.00
  2024   8  12 24.07 32.20 15.80  0.00  0.69  2.80
  2024   8  13 21.57 32.30 19.90  0.50  0.75  2.30
  2024   8  14  8.38 24.80 17.00  0.70  0.87  1.80
  2024   8  15 20.28 27.60 15.90  0.00  0.76  3.80
  2024   8  16  7.64 22.10 15.90  2.10  0.87  3.30
  2024   8  17 19.38 23.90 17.00  6.30  0.76  1.50
  2024   8  18 15.82 24.00 13.10  0.00  0.75  1.60
  2024   8  19 20.21 23.20  9.40  0.00  0.75  1.60
  2024   8  20 16.49 25.50 13.80  0.70  0.79  3.30
  2024   8  21 18.36 20.70 11.00  0.00  0.74  3.70
  2024   8  22 18.94 24.40 10.50  0.00  0.64  5.40
  2024   8  23 11.78 23.20 16.10  5.10  0.76  5.60
  2024   8  24 15.38 29.50 15.10  5.20  0.82  5.10
  2024   8  25  20.3 21.40 11.30  0.00  0.73  4.30
  2024   8  26 17.14 22.20 10.40  0.00  0.76  2.80
  2024   8  27 20.85 25.70  9.30  0.00  0.72  1.60
  2024   8  28  20.9 29.50 12.70  0.00  0.71  2.30
  2024   8  29 18.48 27.40 15.70  0.10  0.75  2.30
  2024   8  30  8.91 21.10 15.80  1.60  0.81  2.40
  2024   8  31 18.78 24.40 15.00  0.70  0.73  5.30
  2024   9   1 18.96 30.70 15.20  0.00  0.74  4.20
  2024   9   2 17.23 30.20 16.90  8.20  0.81  2.00
  2024   9   3   9.0 23.90 16.80  3.60  0.88  2.10
  2024   9   4  7.35 21.20 14.60  0.80   0.9  1.30
  2024   9   5 12.36 28.60 14.90  0.00  0.78  4.20
  2024   9   6 13.36 25.70 15.50  1.90  0.84  2.10
  2024   9   7 17.19 27.50 14.80  0.40  0.81  2.30
  2024   9   8 17.54 22.60 13.90  0.10  0.74  3.80
  2024   9   9 10.91 22.00 11.00  2.90  0.83  2.20
  2024   9  10  7.64 17.30 10.90  6.30  0.87  7.10
  2024   9  11  14.2 15.70  8.30  4.50  0.86  4.30
  2024   9  12 14.12 14.90  5.50  0.00  0.85  2.90
  2024   9  13 14.76 17.40  4.10  0.70  0.79  2.10
  2024   9  14 15.05 17.50  4.20  0.00  0.78  1.30
  2024   9  15 11.53 18.50  5.80  0.00  0.83  1.70
  2024   9  16  9.83 20.40  8.60  0.00  0.85  2.50
  2024   9  17 16.55 20.20 12.30  0.00  0.79  3.90
  2024   9  18 11.57 21.80 12.70  0.00  0.87  4.50
  2024   9  19 14.99 22.40 14.70  0.00  0.86  4.40
  2024   9  20 15.75 23.10 12.50  0.00  0.78  4.40
  2024   9  21 15.54 24.30 10.80  0.00  0.79  2.20
  2024   9  22 12.62 24.50 11.40  0.00  0.82  1.50
  2024   9  23 10.72 21.40 11.30  1.20  0.81  2.90
  2024   9  24  8.91 20.10 10.30  3.50  0.87  3.70
  2024   9  25  6.34 18.30 13.70  3.10  0.89  4.50
  2024   9  26  8.35 20.80 13.60  1.00  0.87  6.00
  2024   9  27  7.25 15.90  9.80  4.10  0.81  7.80
  2024   9  28 11.83 14.70  4.50  1.90  0.85  2.50
  2024   9  29 10.65 14.20  2.40  0.00  0.83  2.40
  2024   9  30  3.45 15.10  7.60  6.60  0.89  4.80
  2024  10   1   3.9 14.90 10.50  4.80  0.91  4.60
  2024  10   2  2.54 12.00  8.30  0.10  0.93  2.70
  2024  10   3 11.72 14.80  5.70  0.00  0.82  2.60
  2024  10   4 12.31 15.60  3.60  0.00  0.86  1.80
  2024  10   5 13.42 15.20  1.80  0.00  0.84  1.80
  2024  10   6 11.72 15.40  4.90  0.10  0.82  4.00
  2024  10   7 10.76 19.60 12.30  3.20  0.81  4.00
  2024  10   8  8.26 18.30 13.30  0.20  0.84  4.60
  2024  10   9  3.49 16.10 12.50  1.70  0.91  3.50
  2024  10  10  7.25 14.50  7.80  2.00  0.85  2.80
  2024  10  11 10.13 14.30  2.80  0.00  0.84  1.70
  2024  10  12  5.05 12.20  2.50  0.60  0.89  3.30
  2024  10  13  6.61 12.30  5.00  0.50  0.82  4.70
  2024  10  14  3.31  9.50  2.10  4.70  0.95  1.30
  2024  10  15  8.76 14.40  2.40  0.00   0.9  4.00
  2024  10  16  6.71 18.80 11.50  0.10  0.83  4.70
  2024  10  17  4.01 19.70 14.40  1.10  0.89  3.00
  2024  10  18  2.51 16.20 13.90  0.10  0.98  1.20
  2024  10  19  4.61 16.10 13.20  6.70  0.89  3.00
  2024  10  20  6.06 18.40 12.40  0.00   0.8  5.20
  2024  10  21  2.77 15.60 11.00  0.90  0.93  3.40
  2024  10  22  7.84 16.10  6.80  0.70  0.92  3.30
  2024  10  23  5.89 15.70  5.90  0.00  0.95  1.70
  2024  10  24  9.28 15.20  4.20  0.00  0.91  2.80
  2024  10  25  8.51 18.90  9.60  0.20  0.92  2.10
  2024  10  26  7.83 20.40  8.60  0.00  0.91  1.70
  2024  10  27  6.87 17.30  4.80  0.00  0.91  1.60
  2024  10  28  4.77 15.40  5.00  2.50  0.92  3.70
  2024  10  29   1.9 13.70 12.30  6.40  0.98  4.40
  2024  10  30  2.65 14.60 11.60  0.50  0.96  1.00
  2024  10  31  3.08 14.60  4.90  0.00   0.9  0.80
  2024  11   1  1.43 10.80  4.40  0.00  0.98  3.30
  2024  11   2  3.25 12.40  3.20  0.30  0.91  2.60
  2024  11   3  7.67 12.30  0.80  0.00  0.93  1.70
  2024  11   4  7.62 13.40  0.90  0.00  0.92  3.10
  2024  11   5  7.07 12.10  0.50  0.00  0.93  1.50
  2024  11   6  1.31  7.90  5.80  0.00  0.98  1.60
  2024  11   7  1.18  6.10  3.90  0.00  0.98  3.70
  2024  11   8  1.22  5.60  5.00  0.00  0.89  3.20
  2024  11   9  1.41  8.20  5.20  0.00  0.93  1.70
  2024  11  10  2.67 11.00  6.60  0.00  0.96  1.10
  2024  11  11  5.67 13.00  6.20  2.80   0.9  3.50
  2024  11  12  1.43  9.50  5.20  0.60   0.9  3.60
  2024  11  13  2.43 10.10  3.60  0.00  0.96  1.70
  2024  11  14  2.47 11.20  5.00  0.20  0.91  1.80
  2024  11  15  2.02  9.80  5.30  0.80  0.91  2.00
  2024  11  16  1.96  8.40  7.20  0.70  0.83  5.40
  2024  11  17  3.78 10.40  2.60  7.40  0.85  4.50
  2024  11  18  4.29  7.80  2.50  2.50  0.91  2.60
  2024  11  19  0.81 11.80  0.70  4.50  0.96  3.90
  2024  11  20  0.75  3.40  0.00  7.40  0.93  4.00
  2024  11  21  2.94  2.00 -3.60  1.40  0.92  3.90
  2024  11  22  2.35  4.80 -3.00  3.40   0.9  6.20
  2024  11  23  1.55  9.60  1.00  6.50  0.85  6.30
  2024  11  24  2.94 18.00  9.30  0.70  0.66  8.30
  2024  11  25  0.66 16.30  7.40  6.30  0.81  5.80
  2024  11  26  3.27 10.30  2.90  0.00  0.92  4.60
  2024  11  27  0.85 11.70  4.40  7.20  0.91  6.00
  2024  11  28  4.23  9.50  1.90  0.00  0.84  2.60
  2024  11  29  4.63  7.70 -2.70  0.00   0.9  1.70
  2024  11  30   4.7  6.40 -1.30  0.00  0.85  2.30
  2024  12   1   4.1  8.30 -0.50  0.00  0.81  3.40
  2024  12   2  1.72 12.00  7.80  1.90  0.92  5.00
  2024  12   3   3.1  8.00 -0.20  1.20  0.88  2.60
  2024  12   4  1.51  5.80 -1.50  0.10  0.94  2.40
  2024  12   5  0.54  9.40  3.40  6.90  0.94  6.60
  2024  12   6  2.05 10.30  3.20  4.20  0.84  6.10
  2024  12   7  3.05 11.20  5.60  5.20  0.88  7.10
  2024  12   8  1.26  7.30  4.30  0.10  0.92  4.30
  2024  12   9  0.94  6.40  4.70  0.70  0.87  4.90
  2024  12  10  0.81  5.80  4.50  0.00  0.86  5.30
  2024  12  11  0.38  4.60  2.60  0.00   0.9  3.00
  2024  12  12  1.16  3.60  2.10  0.00  0.95  1.50
  2024  12  13  0.61  2.90  0.30  0.00  0.88  2.80
  2024  12  14  0.94  5.50  1.40  1.40  0.94  4.40
  2024  12  15  0.99 10.90  1.60  1.00  0.98  6.10
  2024  12  16  0.67 11.40  8.30  0.50  0.87  6.00
  2024  12  17  1.78  9.40  6.10  0.00  0.91  4.50
  2024  12  18  0.77 13.10  6.20  0.00  0.83  7.70
  2024  12  19  0.64 13.40  3.80  6.50  0.88  6.40
  2024  12  20   3.1  6.50  2.60  1.10  0.88  5.20
  2024  12  21  0.97 10.00  6.30  6.60  0.94  7.30
  2024  12  22  1.88  8.40  1.10  7.60  0.85  5.30
  2024  12  23  3.16  8.10  1.70  1.70  0.83  3.30
  2024  12  24  0.99  6.90  1.20  2.50  0.98  3.70
  2024  12  25  1.08  9.00  6.90  0.50  0.99  2.70
  2024  12  26  0.77  7.70  3.50  0.00  0.99  2.00
  2024  12  27  3.42  5.50 -1.60  0.00  0.98  1.60
  2024  12  28   1.3  0.90 -0.50  0.00  0.99  1.70
  2024  12  29  0.83  3.60  0.80  0.70  0.99  4.70
  2024  12  30  0.66  5.90  3.00  0.30  0.97  5.80
  2024  12  31  1.24  6.50  0.70  0.00  0.93  7.00